-3040000	3040000	699.935241699
-2918400	3040000	678.224731445
-2796800	3040000	692.288513184
-2675200	3040000	700.634521484
-2553600	3040000	688.695556641
-2432000	3040000	672.626647949
-2310400	3040000	658.700744629
-2188800	3040000	632.239685059
-2067200	3040000	597.476501465
-1945600	3040000	577.078613281
-1824000	3040000	563.249389648
-1702400	3040000	532.853942871
-1580800	3040000	500.495300293
-1459200	3040000	469.540405273
-1337600	3040000	437.32144165
-1216000	3040000	408.996856689
-1094400	3040000	394.199584961
-972800	3040000	383.704193115
-851200	3040000	380.570068359
-729600	3040000	384.07913208
-608000	3040000	388.104736328
-486400	3040000	396.539398193
-364800	3040000	416.103820801
-243200	3040000	443.524658203
-121600	3040000	462.077789307
0	3040000	468.922332764
121600	3040000	465.626495361
243200	3040000	473.478790283
364800	3040000	483.467590332
486400	3040000	484.45513916
608000	3040000	483.083557129
729600	3040000	492.57925415
851200	3040000	507.84085083
972800	3040000	515.88684082
1094400	3040000	531.791381836
1216000	3040000	554.650085449
1337600	3040000	574.594665527
1459200	3040000	593.279846191
1580800	3040000	619.571594238
1702400	3040000	662.153381348
1824000	3040000	697.594848633
1945600	3040000	717.182373047
2067200	3040000	723.985595703
2188800	3040000	741.546875
2310400	3040000	754.796325684
2432000	3040000	747.408630371
2553600	3040000	736.18548584
2675200	3040000	736.859375
2796800	3040000	750.400390625
2918400	3040000	775.636535645
3040000	3040000	872.517944336
-3040000	2918400	745.226013184
-2918400	2918400	766.65637207
-2796800	2918400	764.637023926
-2675200	2918400	741.227600098
-2553600	2918400	700.292053223
-2432000	2918400	655.347106934
-2310400	2918400	631.922485352
-2188800	2918400	613.358825684
-2067200	2918400	580.435852051
-1945600	2918400	567.07421875
-1824000	2918400	551.807434082
-1702400	2918400	518.446166992
-1580800	2918400	491.74786377
-1459200	2918400	467.158721924
-1337600	2918400	439.720581055
-1216000	2918400	413.95715332
-1094400	2918400	410.065795898
-972800	2918400	409.105987549
-851200	2918400	405.820800781
-729600	2918400	405.466888428
-608000	2918400	411.852050781
-486400	2918400	426.123901367
-364800	2918400	439.95803833
-243200	2918400	445.874511719
-121600	2918400	452.128631592
0	2918400	451.927154541
121600	2918400	464.611785889
243200	2918400	477.09866333
364800	2918400	492.468109131
486400	2918400	491.035400391
608000	2918400	480.91293335
729600	2918400	481.696746826
851200	2918400	491.794525146
972800	2918400	503.061737061
1094400	2918400	521.714294434
1216000	2918400	551.624572754
1337600	2918400	578.518676758
1459200	2918400	595.493408203
1580800	2918400	616.043579102
1702400	2918400	652.169067383
1824000	2918400	682.475646973
1945600	2918400	700.793945312
2067200	2918400	710.874023438
2188800	2918400	736.344909668
2310400	2918400	759.604187012
2432000	2918400	764.24621582
2553600	2918400	756.280639648
2675200	2918400	749.679138184
2796800	2918400	748.57623291
2918400	2918400	760.782348633
3040000	2918400	798.898010254
-3040000	2796800	822.78527832
-2918400	2796800	827.951660156
-2796800	2796800	800.408203125
-2675200	2796800	757.740783691
-2553600	2796800	700.056762695
-2432000	2796800	636.713562012
-2310400	2796800	604.338012695
-2188800	2796800	606.914611816
-2067200	2796800	600.032592773
-1945600	2796800	586.584655762
-1824000	2796800	566.678894043
-1702400	2796800	531.794128418
-1580800	2796800	504.678436279
-1459200	2796800	480.625244141
-1337600	2796800	462.542327881
-1216000	2796800	450.49017334
-1094400	2796800	452.038787842
-972800	2796800	447.145080566
-851200	2796800	428.785308838
-729600	2796800	424.404418945
-608000	2796800	434.050689697
-486400	2796800	452.079071045
-364800	2796800	460.338104248
-243200	2796800	442.337402344
-121600	2796800	435.918395996
0	2796800	440.223846436
121600	2796800	456.72567749
243200	2796800	470.570770264
364800	2796800	482.349273682
486400	2796800	490.619567871
608000	2796800	491.182220459
729600	2796800	489.285766602
851200	2796800	486.38571167
972800	2796800	494.554748535
1094400	2796800	513.718200684
1216000	2796800	541.124389648
1337600	2796800	569.918273926
1459200	2796800	589.129333496
1580800	2796800	603.252624512
1702400	2796800	636.880249023
1824000	2796800	666.612487793
1945600	2796800	691.591003418
2067200	2796800	711.06262207
2188800	2796800	735.531921387
2310400	2796800	760.216552734
2432000	2796800	769.893859863
2553600	2796800	769.861206055
2675200	2796800	765.005065918
2796800	2796800	756.807800293
2918400	2796800	755.354675293
3040000	2796800	781.428161621
-3040000	2675200	852.854919434
-2918400	2675200	826.55065918
-2796800	2675200	785.170349121
-2675200	2675200	744.165466309
-2553600	2675200	691.265380859
-2432000	2675200	631.255737305
-2310400	2675200	606.735168457
-2188800	2675200	617.879272461
-2067200	2675200	628.228637695
-1945600	2675200	620.431884766
-1824000	2675200	595.044006348
-1702400	2675200	557.596679688
-1580800	2675200	530.352783203
-1459200	2675200	505.027618408
-1337600	2675200	486.895385742
-1216000	2675200	482.526641846
-1094400	2675200	482.302246094
-972800	2675200	462.070251465
-851200	2675200	435.080963135
-729600	2675200	440.037353516
-608000	2675200	459.024780273
-486400	2675200	475.15927124
-364800	2675200	475.335906982
-243200	2675200	447.927368164
-121600	2675200	435.992523193
0	2675200	448.086608887
121600	2675200	469.718994141
243200	2675200	484.164733887
364800	2675200	487.257171631
486400	2675200	503.420379639
608000	2675200	519.518066406
729600	2675200	524.202758789
851200	2675200	503.641021729
972800	2675200	494.595703125
1094400	2675200	507.838867188
1216000	2675200	528.431335449
1337600	2675200	552.581298828
1459200	2675200	572.338317871
1580800	2675200	593.632446289
1702400	2675200	631.142883301
1824000	2675200	654.627624512
1945600	2675200	688.861022949
2067200	2675200	717.79119873
2188800	2675200	743.377075195
2310400	2675200	764.558532715
2432000	2675200	773.580505371
2553600	2675200	777.777709961
2675200	2675200	778.410400391
2796800	2675200	769.062011719
2918400	2675200	758.170227051
3040000	2675200	765.458435059
-3040000	2553600	825.505737305
-2918400	2553600	785.356933594
-2796800	2553600	750.906433105
-2675200	2553600	728.206665039
-2553600	2553600	696.703369141
-2432000	2553600	657.229064941
-2310400	2553600	642.390136719
-2188800	2553600	651.477539062
-2067200	2553600	652.502746582
-1945600	2553600	642.947509766
-1824000	2553600	617.233764648
-1702400	2553600	579.973754883
-1580800	2553600	551.235290527
-1459200	2553600	525.636413574
-1337600	2553600	504.189086914
-1216000	2553600	494.54006958
-1094400	2553600	489.704589844
-972800	2553600	464.734008789
-851200	2553600	440.206787109
-729600	2553600	454.020233154
-608000	2553600	483.230865479
-486400	2553600	494.189239502
-364800	2553600	484.416381836
-243200	2553600	465.446380615
-121600	2553600	461.214813232
0	2553600	477.179168701
121600	2553600	509.504516602
243200	2553600	527.234436035
364800	2553600	527.183410645
486400	2553600	530.261413574
608000	2553600	538.691955566
729600	2553600	553.464172363
851200	2553600	533.687744141
972800	2553600	511.797943115
1094400	2553600	517.445007324
1216000	2553600	529.351928711
1337600	2553600	544.52746582
1459200	2553600	570.559387207
1580800	2553600	602.307189941
1702400	2553600	625.378967285
1824000	2553600	651.382507324
1945600	2553600	700.636169434
2067200	2553600	737.683410645
2188800	2553600	766.365966797
2310400	2553600	782.659423828
2432000	2553600	787.363647461
2553600	2553600	788.908325195
2675200	2553600	789.262695312
2796800	2553600	783.956665039
2918400	2553600	773.605712891
3040000	2553600	771.043273926
-3040000	2432000	787.54083252
-2918400	2432000	755.619018555
-2796800	2432000	745.473815918
-2675200	2432000	728.379394531
-2553600	2432000	707.140563965
-2432000	2432000	686.661682129
-2310400	2432000	676.715087891
-2188800	2432000	664.282287598
-2067200	2432000	637.950317383
-1945600	2432000	614.729614258
-1824000	2432000	592.613525391
-1702400	2432000	564.65020752
-1580800	2432000	545.724975586
-1459200	2432000	524.28314209
-1337600	2432000	499.423828125
-1216000	2432000	478.918640137
-1094400	2432000	473.477874756
-972800	2432000	464.615509033
-851200	2432000	453.615997314
-729600	2432000	469.762908936
-608000	2432000	501.15612793
-486400	2432000	506.579406738
-364800	2432000	487.106994629
-243200	2432000	479.112854004
-121600	2432000	485.900939941
0	2432000	498.875976562
121600	2432000	528.516296387
243200	2432000	536.710388184
364800	2432000	543.941711426
486400	2432000	530.937316895
608000	2432000	529.180358887
729600	2432000	567.179992676
851200	2432000	575.22454834
972800	2432000	549.01776123
1094400	2432000	542.28918457
1216000	2432000	540.037963867
1337600	2432000	546.33190918
1459200	2432000	577.20123291
1580800	2432000	605.071105957
1702400	2432000	618.904418945
1824000	2432000	653.362915039
1945600	2432000	701.24432373
2067200	2432000	745.151611328
2188800	2432000	786.419250488
2310400	2432000	806.492797852
2432000	2432000	809.031555176
2553600	2432000	807.511901855
2675200	2432000	802.107421875
2796800	2432000	795.340759277
2918400	2432000	785.925292969
3040000	2432000	778.989074707
-3040000	2310400	771.040710449
-2918400	2310400	762.371337891
-2796800	2310400	758.184387207
-2675200	2310400	734.754455566
-2553600	2310400	705.714111328
-2432000	2310400	693.376586914
-2310400	2310400	533.025390625
-2188800	2310400	640.035461426
-2067200	2310400	592.173217773
-1945600	2310400	550.697570801
-1824000	2310400	527.028686523
-1702400	2310400	508.174285889
-1580800	2310400	503.014007568
-1459200	2310400	495.7605896
-1337600	2310400	473.584289551
-1216000	2310400	442.512939453
-1094400	2310400	444.05178833
-972800	2310400	447.542419434
-851200	2310400	451.289978027
-729600	2310400	475.967193604
-608000	2310400	506.486694336
-486400	2310400	511.448791504
-364800	2310400	488.662261963
-243200	2310400	481.862060547
-121600	2310400	490.379455566
0	2310400	507.506500244
121600	2310400	514.27734375
243200	2310400	520.422180176
364800	2310400	530.153015137
486400	2310400	513.253051758
608000	2310400	509.401947021
729600	2310400	554.851745605
851200	2310400	583.385437012
972800	2310400	563.901000977
1094400	2310400	558.869934082
1216000	2310400	562.564147949
1337600	2310400	570.860717773
1459200	2310400	590.080444336
1580800	2310400	604.725830078
1702400	2310400	623.495178223
1824000	2310400	646.251831055
1945600	2310400	684.973937988
2067200	2310400	733.177490234
2188800	2310400	778.906921387
2310400	2310400	820.845092773
2432000	2310400	841.353027344
2553600	2310400	832.910949707
2675200	2310400	816.533569336
2796800	2310400	808.293823242
2918400	2310400	795.736694336
3040000	2310400	782.929138184
-3040000	2188800	776.841308594
-2918400	2188800	774.860534668
-2796800	2188800	756.488525391
-2675200	2188800	716.660522461
-2553600	2188800	684.979736328
-2432000	2188800	656.958740234
-2310400	2188800	623.715820312
-2188800	2188800	584.771362305
-2067200	2188800	530.91192627
-1945600	2188800	494.119140625
-1824000	2188800	475.75112915
-1702400	2188800	459.831481934
-1580800	2188800	465.342010498
-1459200	2188800	469.700622559
-1337600	2188800	449.859954834
-1216000	2188800	423.923492432
-1094400	2188800	419.725158691
-972800	2188800	425.852081299
-851200	2188800	429.605621338
-729600	2188800	468.150177002
-608000	2188800	510.322570801
-486400	2188800	518.614440918
-364800	2188800	515.8671875
-243200	2188800	514.810791016
-121600	2188800	486.386535645
0	2188800	453.416717529
121600	2188800	464.166473389
243200	2188800	438.878875732
364800	2188800	462.322265625
486400	2188800	456.243682861
608000	2188800	439.547790527
729600	2188800	513.641418457
851200	2188800	527.948486328
972800	2188800	528.431152344
1094400	2188800	545.864685059
1216000	2188800	582.959228516
1337600	2188800	601.016418457
1459200	2188800	596.36138916
1580800	2188800	617.174682617
1702400	2188800	632.746337891
1824000	2188800	642.993103027
1945600	2188800	685.22857666
2067200	2188800	733.734375
2188800	2188800	774.536499023
2310400	2188800	818.950256348
2432000	2188800	856.502075195
2553600	2188800	853.530456543
2675200	2188800	831.946777344
2796800	2188800	824.616210938
2918400	2188800	807.825012207
3040000	2188800	789.932495117
-3040000	2067200	788.52166748
-2918400	2067200	772.874023438
-2796800	2067200	730.769287109
-2675200	2067200	685.812438965
-2553600	2067200	639.112182617
-2432000	2067200	598.75793457
-2310400	2067200	555.044494629
-2188800	2067200	510.794128418
-2067200	2067200	473.501739502
-1945600	2067200	455.081604004
-1824000	2067200	445.437774658
-1702400	2067200	437.985565186
-1580800	2067200	440.274169922
-1459200	2067200	454.053619385
-1337600	2067200	430.944824219
-1216000	2067200	411.787750244
-1094400	2067200	413.871368408
-972800	2067200	413.887390137
-851200	2067200	410.780273438
-729600	2067200	450.258422852
-608000	2067200	497.360137939
-486400	2067200	518.119689941
-364800	2067200	496.346984863
-243200	2067200	413.325134277
-121600	2067200	518.110473633
0	2067200	350.96295166
121600	2067200	232.388580322
243200	2067200	355.319213867
364800	2067200	186.498535156
486400	2067200	276.286956787
608000	2067200	294.588012695
729600	2067200	411.389923096
851200	2067200	465.375671387
972800	2067200	479.558319092
1094400	2067200	507.959960938
1216000	2067200	525.948059082
1337600	2067200	598.938232422
1459200	2067200	585.686035156
1580800	2067200	632.472839355
1702400	2067200	658.595153809
1824000	2067200	656.378356934
1945600	2067200	705.162353516
2067200	2067200	758.591308594
2188800	2067200	793.00769043
2310400	2067200	825.236755371
2432000	2067200	854.91229248
2553600	2067200	864.271850586
2675200	2067200	849.914550781
2796800	2067200	832.944030762
2918400	2067200	814.021850586
3040000	2067200	799.77746582
-3040000	1945600	791.866699219
-2918400	1945600	756.139099121
-2796800	1945600	708.81060791
-2675200	1945600	670.205200195
-2553600	1945600	593.42755127
-2432000	1945600	545.719543457
-2310400	1945600	488.438964844
-2188800	1945600	445.70916748
-2067200	1945600	423.694671631
-1945600	1945600	423.045257568
-1824000	1945600	427.252563477
-1702400	1945600	427.987731934
-1580800	1945600	433.830108643
-1459200	1945600	426.453674316
-1337600	1945600	403.567993164
-1216000	1945600	397.155334473
-1094400	1945600	405.384887695
-972800	1945600	401.111755371
-851200	1945600	392.63269043
-729600	1945600	421.320587158
-608000	1945600	459.500396729
-486400	1945600	473.947784424
-364800	1945600	238.222137451
-243200	1945600	207.639205933
-121600	1945600	428.212158203
0	1945600	245.797180176
121600	1945600	123.536376953
243200	1945600	199.200790405
364800	1945600	66.7740249634
486400	1945600	252.649963379
608000	1945600	162.169692993
729600	1945600	305.583435059
851200	1945600	359.874542236
972800	1945600	398.529571533
1094400	1945600	391.067047119
1216000	1945600	301.642852783
1337600	1945600	773.692138672
1459200	1945600	571.834716797
1580800	1945600	637.777954102
1702400	1945600	703.394775391
1824000	1945600	714.234069824
1945600	1945600	781.477905273
2067200	1945600	838.183349609
2188800	1945600	847.768859863
2310400	1945600	842.72052002
2432000	1945600	858.006469727
2553600	1945600	863.943115234
2675200	1945600	868.301696777
2796800	1945600	845.954223633
2918400	1945600	827.968200684
3040000	1945600	817.830322266
-3040000	1824000	786.117431641
-2918400	1824000	744.137817383
-2796800	1824000	723.791503906
-2675200	1824000	700.088378906
-2553600	1824000	575.667419434
-2432000	1824000	496.686248779
-2310400	1824000	449.105438232
-2188800	1824000	391.481872559
-2067200	1824000	384.170135498
-1945600	1824000	407.397491455
-1824000	1824000	423.532165527
-1702400	1824000	415.076171875
-1580800	1824000	416.867706299
-1459200	1824000	405.520874023
-1337600	1824000	375.334747314
-1216000	1824000	369.28024292
-1094400	1824000	392.612701416
-972800	1824000	390.053253174
-851200	1824000	371.208251953
-729600	1824000	392.061096191
-608000	1824000	431.322753906
-486400	1824000	412.634063721
-364800	1824000	254.875473022
-243200	1824000	99.9988479614
-121600	1824000	146.893478394
0	1824000	139.170516968
121600	1824000	66.3432388306
243200	1824000	53.432975769
364800	1824000	42.9759788513
486400	1824000	106.427886963
608000	1824000	146.038406372
729600	1824000	118.898246765
851200	1824000	243.245819092
972800	1824000	347.538970947
1094400	1824000	271.824066162
1216000	1824000	257.863555908
1337600	1824000	763.164306641
1459200	1824000	519.256835938
1580800	1824000	529.506591797
1702400	1824000	725.196350098
1824000	1824000	804.794799805
1945600	1824000	836.51171875
2067200	1824000	919.338989258
2188800	1824000	957.583557129
2310400	1824000	889.470153809
2432000	1824000	855.855224609
2553600	1824000	861.072265625
2675200	1824000	866.326843262
2796800	1824000	861.942810059
2918400	1824000	848.616638184
3040000	1824000	839.889465332
-3040000	1702400	780.542175293
-2918400	1702400	750.795166016
-2796800	1702400	747.170837402
-2675200	1702400	676.686584473
-2553600	1702400	505.505340576
-2432000	1702400	353.319885254
-2310400	1702400	338.276824951
-2188800	1702400	348.236358643
-2067200	1702400	357.923919678
-1945600	1702400	400.275390625
-1824000	1702400	428.912567139
-1702400	1702400	403.13079834
-1580800	1702400	387.530303955
-1459200	1702400	386.779144287
-1337600	1702400	363.083618164
-1216000	1702400	348.293365479
-1094400	1702400	363.252349854
-972800	1702400	383.326446533
-851200	1702400	358.418579102
-729600	1702400	362.834106445
-608000	1702400	305.789245605
-486400	1702400	210.609161377
-364800	1702400	245.442199707
-243200	1702400	203.425506592
-121600	1702400	57.2600135803
0	1702400	75.835609436
121600	1702400	65.9904785156
243200	1702400	49.2032470703
364800	1702400	44.5607566833
486400	1702400	49.2987213135
608000	1702400	47.8971557617
729600	1702400	42.565246582
851200	1702400	228.793579102
972800	1702400	221.85798645
1094400	1702400	229.266647339
1216000	1702400	121.34589386
1337600	1702400	482.527709961
1459200	1702400	327.932891846
1580800	1702400	308.827911377
1702400	1702400	590.81060791
1824000	1702400	784.28918457
1945600	1702400	748.614929199
2067200	1702400	663.267822266
2188800	1702400	962.538269043
2310400	1702400	970.400512695
2432000	1702400	859.491455078
2553600	1702400	839.926635742
2675200	1702400	857.143310547
2796800	1702400	880.484069824
2918400	1702400	880.501464844
3040000	1702400	866.577270508
-3040000	1580800	766.117614746
-2918400	1580800	759.272827148
-2796800	1580800	744.019470215
-2675200	1580800	675.869567871
-2553600	1580800	470.528381348
-2432000	1580800	259.400360107
-2310400	1580800	250.650024414
-2188800	1580800	305.805297852
-2067200	1580800	324.825958252
-1945600	1580800	367.67401123
-1824000	1580800	387.591430664
-1702400	1580800	375.788208008
-1580800	1580800	358.530548096
-1459200	1580800	364.901794434
-1337600	1580800	358.436889648
-1216000	1580800	337.648895264
-1094400	1580800	342.645965576
-972800	1580800	354.599182129
-851200	1580800	347.439575195
-729600	1580800	358.128936768
-608000	1580800	320.530761719
-486400	1580800	213.060348511
-364800	1580800	144.326080322
-243200	1580800	57.2537994385
-121600	1580800	61.0327148438
0	1580800	52.3018455505
121600	1580800	47.733959198
243200	1580800	45.4658813477
364800	1580800	41.256603241
486400	1580800	44.2355232239
608000	1580800	49.8600654602
729600	1580800	46.9236793518
851200	1580800	102.877990723
972800	1580800	93.710144043
1094400	1580800	100.484924316
1216000	1580800	144.089248657
1337600	1580800	237.653503418
1459200	1580800	201.048294067
1580800	1580800	155.022537231
1702400	1580800	321.406890869
1824000	1580800	361.402923584
1945600	1580800	388.608795166
2067200	1580800	427.118286133
2188800	1580800	635.071594238
2310400	1580800	965.566101074
2432000	1580800	836.669128418
2553600	1580800	813.213562012
2675200	1580800	844.676086426
2796800	1580800	886.746337891
2918400	1580800	916.50994873
3040000	1580800	898.190002441
-3040000	1459200	762.222351074
-2918400	1459200	758.299682617
-2796800	1459200	741.219848633
-2675200	1459200	643.246582031
-2553600	1459200	773.701721191
-2432000	1459200	114.830993652
-2310400	1459200	254.424575806
-2188800	1459200	295.151916504
-2067200	1459200	308.585113525
-1945600	1459200	340.214782715
-1824000	1459200	352.361907959
-1702400	1459200	347.041381836
-1580800	1459200	349.981872559
-1459200	1459200	350.836334229
-1337600	1459200	348.874328613
-1216000	1459200	337.225280762
-1094400	1459200	331.034912109
-972800	1459200	331.24005127
-851200	1459200	330.676879883
-729600	1459200	398.312683105
-608000	1459200	440.86895752
-486400	1459200	453.599243164
-364800	1459200	168.505157471
-243200	1459200	64.3841705322
-121600	1459200	56.2109298706
0	1459200	50.470867157
121600	1459200	44.6937446594
243200	1459200	41.3558235168
364800	1459200	38.7883377075
486400	1459200	36.7128791809
608000	1459200	40.7773361206
729600	1459200	51.4726905823
851200	1459200	73.4491119385
972800	1459200	67.6576766968
1094400	1459200	69.3445510864
1216000	1459200	101.891731262
1337600	1459200	126.973640442
1459200	1459200	130.723968506
1580800	1459200	128.141983032
1702400	1459200	236.364440918
1824000	1459200	211.376754761
1945600	1459200	251.062469482
2067200	1459200	664.863037109
2188800	1459200	929.436401367
2310400	1459200	860.569763184
2432000	1459200	796.824462891
2553600	1459200	771.498596191
2675200	1459200	803.468933105
2796800	1459200	865.27947998
2918400	1459200	910.798400879
3040000	1459200	924.820739746
-3040000	1337600	739.663757324
-2918400	1337600	731.220214844
-2796800	1337600	750.375061035
-2675200	1337600	740.452697754
-2553600	1337600	1116.73962402
-2432000	1337600	1032.51208496
-2310400	1337600	338.343566895
-2188800	1337600	315.868896484
-2067200	1337600	309.264221191
-1945600	1337600	354.590332031
-1824000	1337600	366.890686035
-1702400	1337600	345.111236572
-1580800	1337600	340.192749023
-1459200	1337600	350.257293701
-1337600	1337600	353.002593994
-1216000	1337600	334.921630859
-1094400	1337600	319.908813477
-972800	1337600	316.257476807
-851200	1337600	330.005187988
-729600	1337600	353.163269043
-608000	1337600	235.698532104
-486400	1337600	104.413444519
-364800	1337600	73.083152771
-243200	1337600	67.1451263428
-121600	1337600	58.0076446533
0	1337600	48.8689079285
121600	1337600	45.2034454346
243200	1337600	41.8523025513
364800	1337600	36.89087677
486400	1337600	33.6705436707
608000	1337600	31.5864086151
729600	1337600	36.5098686218
851200	1337600	49.6349754333
972800	1337600	51.7605133057
1094400	1337600	50.6752586365
1216000	1337600	65.4240036011
1337600	1337600	79.767036438
1459200	1337600	83.4820022583
1580800	1337600	93.7976608276
1702400	1337600	133.315216064
1824000	1337600	129.618850708
1945600	1337600	212.634719849
2067200	1337600	278.963775635
2188800	1337600	596.97442627
2310400	1337600	731.428100586
2432000	1337600	766.355773926
2553600	1337600	739.85345459
2675200	1337600	749.268554688
2796800	1337600	811.360351562
2918400	1337600	872.65222168
3040000	1337600	900.47668457
-3040000	1216000	739.874633789
-2918400	1216000	748.402893066
-2796800	1216000	810.624694824
-2675200	1216000	929.495727539
-2553600	1216000	1358.63867188
-2432000	1216000	2290.93383789
-2310400	1216000	460.493103027
-2188800	1216000	363.038330078
-2067200	1216000	382.972717285
-1945600	1216000	421.431121826
-1824000	1216000	428.131317139
-1702400	1216000	377.616394043
-1580800	1216000	344.188171387
-1459200	1216000	338.368041992
-1337600	1216000	344.783203125
-1216000	1216000	336.54864502
-1094400	1216000	326.575317383
-972800	1216000	318.01675415
-851200	1216000	313.869232178
-729600	1216000	324.125274658
-608000	1216000	73.2304229736
-486400	1216000	97.5727233887
-364800	1216000	69.0646057129
-243200	1216000	79.1252593994
-121600	1216000	56.0811195374
0	1216000	47.654964447
121600	1216000	48.9595069885
243200	1216000	43.4044914246
364800	1216000	37.1216621399
486400	1216000	30.4119091034
608000	1216000	28.3137645721
729600	1216000	21.9192199707
851200	1216000	29.4056339264
972800	1216000	33.2409477234
1094400	1216000	37.1693077087
1216000	1216000	45.4812240601
1337600	1216000	50.634552002
1459200	1216000	54.0300636292
1580800	1216000	66.3034744263
1702400	1216000	77.9071502686
1824000	1216000	98.5679779053
1945600	1216000	152.721969604
2067200	1216000	288.17276001
2188800	1216000	357.834228516
2310400	1216000	640.36114502
2432000	1216000	744.208251953
2553600	1216000	743.897644043
2675200	1216000	731.29119873
2796800	1216000	770.415466309
2918400	1216000	815.446960449
3040000	1216000	843.402587891
-3040000	1094400	769.794433594
-2918400	1094400	779.734069824
-2796800	1094400	822.707580566
-2675200	1094400	860.56060791
-2553600	1094400	970.014587402
-2432000	1094400	1731.84680176
-2310400	1094400	1282.7421875
-2188800	1094400	512.527770996
-2067200	1094400	452.000640869
-1945600	1094400	542.948181152
-1824000	1094400	539.493347168
-1702400	1094400	483.067565918
-1580800	1094400	398.256713867
-1459200	1094400	352.985198975
-1337600	1094400	331.057220459
-1216000	1094400	320.523345947
-1094400	1094400	327.263702393
-972800	1094400	340.618041992
-851200	1094400	322.571960449
-729600	1094400	194.717224121
-608000	1094400	96.0550384521
-486400	1094400	45.4568138123
-364800	1094400	82.1136856079
-243200	1094400	82.4123916626
-121600	1094400	58.0634040833
0	1094400	50.3299293518
121600	1094400	46.8667373657
243200	1094400	36.9728317261
364800	1094400	35.3560905457
486400	1094400	30.8724765778
608000	1094400	26.1098651886
729600	1094400	22.9691181183
851200	1094400	19.0455493927
972800	1094400	23.6984195709
1094400	1094400	29.9250164032
1216000	1094400	38.2644920349
1337600	1094400	46.0817108154
1459200	1094400	59.6601867676
1580800	1094400	67.294960022
1702400	1094400	84.2151870728
1824000	1094400	112.627532959
1945600	1094400	135.604049683
2067200	1094400	203.815597534
2188800	1094400	289.954498291
2310400	1094400	517.803222656
2432000	1094400	684.664978027
2553600	1094400	738.466430664
2675200	1094400	733.320495605
2796800	1094400	746.530029297
2918400	1094400	781.549072266
3040000	1094400	806.268432617
-3040000	972800	798.721801758
-2918400	972800	800.76739502
-2796800	972800	816.362243652
-2675200	972800	853.211242676
-2553600	972800	917.039489746
-2432000	972800	1274.00744629
-2310400	972800	2017.99084473
-2188800	972800	1293.95166016
-2067200	972800	641.11895752
-1945600	972800	415.499542236
-1824000	972800	486.546539307
-1702400	972800	523.988342285
-1580800	972800	477.346160889
-1459200	972800	415.681549072
-1337600	972800	343.740203857
-1216000	972800	325.193664551
-1094400	972800	328.596862793
-972800	972800	370.615020752
-851200	972800	359.238830566
-729600	972800	183.47756958
-608000	972800	62.0080108643
-486400	972800	76.5297164917
-364800	972800	89.164680481
-243200	972800	62.6252861023
-121600	972800	55.543182373
0	972800	48.7352981567
121600	972800	37.0523643494
243200	972800	33.9438972473
364800	972800	33.852645874
486400	972800	31.1597423553
608000	972800	25.3989067078
729600	972800	21.8995113373
851200	972800	17.6668891907
972800	972800	22.4111557007
1094400	972800	30.5828552246
1216000	972800	41.8555297852
1337600	972800	59.5664710999
1459200	972800	75.1920928955
1580800	972800	85.1533584595
1702400	972800	95.0087966919
1824000	972800	126.958312988
1945600	972800	162.718154907
2067200	972800	197.337127686
2188800	972800	253.452362061
2310400	972800	388.647216797
2432000	972800	599.95111084
2553600	972800	692.563903809
2675200	972800	701.423706055
2796800	972800	721.949401855
2918400	972800	768.922790527
3040000	972800	800.437072754
-3040000	851200	815.821044922
-2918400	851200	808.379943848
-2796800	851200	802.348876953
-2675200	851200	822.412841797
-2553600	851200	884.086914062
-2432000	851200	1032.29821777
-2310400	851200	1186.14685059
-2188800	851200	963.896850586
-2067200	851200	1070.83398438
-1945600	851200	480.770141602
-1824000	851200	655.423400879
-1702400	851200	480.330993652
-1580800	851200	311.386199951
-1459200	851200	474.305175781
-1337600	851200	358.592071533
-1216000	851200	260.087860107
-1094400	851200	245.492828369
-972800	851200	224.398208618
-851200	851200	334.007507324
-729600	851200	157.854446411
-608000	851200	77.8275375366
-486400	851200	54.0660743713
-364800	851200	56.0740623474
-243200	851200	65.6132659912
-121600	851200	55.2109985352
0	851200	56.1231575012
121600	851200	37.8083343506
243200	851200	33.1869277954
364800	851200	33.3502426147
486400	851200	30.8678207397
608000	851200	26.8208808899
729600	851200	21.828125
851200	851200	18.9171981812
972800	851200	23.958562851
1094400	851200	34.213394165
1216000	851200	49.0982284546
1337600	851200	66.5958251953
1459200	851200	88.9669952393
1580800	851200	94.7041702271
1702400	851200	91.875793457
1824000	851200	124.140815735
1945600	851200	135.087051392
2067200	851200	371.417755127
2188800	851200	509.841247559
2310400	851200	387.818328857
2432000	851200	558.085693359
2553600	851200	616.675415039
2675200	851200	657.687133789
2796800	851200	701.659118652
2918400	851200	745.391662598
3040000	851200	779.912963867
-3040000	729600	820.460876465
-2918400	729600	813.988342285
-2796800	729600	805.230285645
-2675200	729600	793.643188477
-2553600	729600	797.06652832
-2432000	729600	828.96307373
-2310400	729600	1045.4296875
-2188800	729600	2090.57202148
-2067200	729600	631.686767578
-1945600	729600	558.19720459
-1824000	729600	486.592193604
-1702400	729600	1102.17004395
-1580800	729600	294.676483154
-1459200	729600	367.311248779
-1337600	729600	314.338012695
-1216000	729600	242.213348389
-1094400	729600	205.279922485
-972800	729600	178.545761108
-851200	729600	172.843963623
-729600	729600	140.708511353
-608000	729600	89.568069458
-486400	729600	76.4586334229
-364800	729600	54.9968910217
-243200	729600	65.248008728
-121600	729600	63.8418617249
0	729600	45.7221908569
121600	729600	33.4640045166
243200	729600	30.5123195648
364800	729600	35.0712852478
486400	729600	33.7800865173
608000	729600	27.2555084229
729600	729600	20.7019233704
851200	729600	19.7786941528
972800	729600	27.029712677
1094400	729600	41.9097900391
1216000	729600	62.9227600098
1337600	729600	88.2288665771
1459200	729600	91.7408752441
1580800	729600	63.4341926575
1702400	729600	34.8938560486
1824000	729600	60.2558326721
1945600	729600	120.377708435
2067200	729600	252.348632812
2188800	729600	399.122924805
2310400	729600	503.75881958
2432000	729600	493.167785645
2553600	729600	539.434570312
2675200	729600	611.052978516
2796800	729600	671.535400391
2918400	729600	723.206298828
3040000	729600	771.130859375
-3040000	608000	824.285095215
-2918400	608000	823.676818848
-2796800	608000	805.075195312
-2675200	608000	756.955871582
-2553600	608000	731.158447266
-2432000	608000	735.970092773
-2310400	608000	798.722229004
-2188800	608000	874.347900391
-2067200	608000	787.488891602
-1945600	608000	876.42956543
-1824000	608000	593.395874023
-1702400	608000	1099.62451172
-1580800	608000	426.829925537
-1459200	608000	319.816253662
-1337600	608000	287.044921875
-1216000	608000	244.616149902
-1094400	608000	204.237289429
-972800	608000	165.092025757
-851200	608000	136.67199707
-729600	608000	116.541244507
-608000	608000	128.726013184
-486400	608000	74.8234786987
-364800	608000	49.746257782
-243200	608000	53.2705574036
-121600	608000	48.0271072388
0	608000	38.3210983276
121600	608000	31.3616313934
243200	608000	28.6283378601
364800	608000	30.9913349152
486400	608000	33.6305847168
608000	608000	26.7659816742
729600	608000	19.8255157471
851200	608000	21.0231571198
972800	608000	29.7403621674
1094400	608000	47.9582366943
1216000	608000	67.4310073853
1337600	608000	80.7982788086
1459200	608000	92.9415588379
1580800	608000	89.9846115112
1702400	608000	81.7904052734
1824000	608000	89.4319229126
1945600	608000	109.398269653
2067200	608000	196.056777954
2188800	608000	364.313873291
2310400	608000	468.208587646
2432000	608000	479.562530518
2553600	608000	512.026062012
2675200	608000	571.543701172
2796800	608000	627.285888672
2918400	608000	689.720153809
3040000	608000	743.070861816
-3040000	486400	828.106506348
-2918400	486400	826.789733887
-2796800	486400	798.536804199
-2675200	486400	737.890319824
-2553600	486400	705.599609375
-2432000	486400	687.701843262
-2310400	486400	682.320007324
-2188800	486400	707.678894043
-2067200	486400	746.426269531
-1945600	486400	693.145141602
-1824000	486400	845.520141602
-1702400	486400	1100.7623291
-1580800	486400	375.676818848
-1459200	486400	338.849945068
-1337600	486400	321.725341797
-1216000	486400	261.961181641
-1094400	486400	232.422073364
-972800	486400	185.971984863
-851200	486400	149.018310547
-729600	486400	118.147605896
-608000	486400	98.5752944946
-486400	486400	62.2799530029
-364800	486400	43.0352058411
-243200	486400	33.2264289856
-121600	486400	35.3728027344
0	486400	30.8324050903
121600	486400	29.2390327454
243200	486400	32.9636230469
364800	486400	31.1715335846
486400	486400	25.0623779297
608000	486400	23.9552707672
729600	486400	21.6834640503
851200	486400	21.2652721405
972800	486400	30.7333278656
1094400	486400	41.2945556641
1216000	486400	61.2526359558
1337600	486400	80.763710022
1459200	486400	81.1158294678
1580800	486400	101.834892273
1702400	486400	92.8634719849
1824000	486400	124.287025452
1945600	486400	128.232315063
2067200	486400	243.229187012
2188800	486400	380.917419434
2310400	486400	179.113601685
2432000	486400	499.815704346
2553600	486400	541.918395996
2675200	486400	554.217590332
2796800	486400	581.880310059
2918400	486400	644.856628418
3040000	486400	704.332397461
-3040000	364800	829.390441895
-2918400	364800	823.005310059
-2796800	364800	812.367431641
-2675200	364800	760.311523438
-2553600	364800	717.472961426
-2432000	364800	676.322937012
-2310400	364800	649.958068848
-2188800	364800	649.076721191
-2067200	364800	673.77947998
-1945600	364800	757.952697754
-1824000	364800	939.54675293
-1702400	364800	1008.44940186
-1580800	364800	580.703857422
-1459200	364800	422.329193115
-1337600	364800	394.496368408
-1216000	364800	305.254638672
-1094400	364800	232.217453003
-972800	364800	217.997238159
-851200	364800	197.744781494
-729600	364800	164.045288086
-608000	364800	79.8766708374
-486400	364800	48.6611709595
-364800	364800	46.0161819458
-243200	364800	45.0660362244
-121600	364800	35.9944114685
0	364800	30.2766551971
121600	364800	31.6510105133
243200	364800	30.6787986755
364800	364800	23.4951477051
486400	364800	20.8742675781
608000	364800	22.2398033142
729600	364800	19.1862354279
851200	364800	20.0760059357
972800	364800	26.7946949005
1094400	364800	37.5121994019
1216000	364800	66.5449295044
1337600	364800	75.8314971924
1459200	364800	76.414352417
1580800	364800	71.7489852905
1702400	364800	78.9336624146
1824000	364800	102.801490784
1945600	364800	109.723197937
2067200	364800	152.104766846
2188800	364800	214.170928955
2310400	364800	270.420898438
2432000	364800	538.152709961
2553600	364800	593.072998047
2675200	364800	559.241943359
2796800	364800	556.432067871
2918400	364800	612.331176758
3040000	364800	683.482788086
-3040000	243200	832.767456055
-2918400	243200	829.409362793
-2796800	243200	829.570739746
-2675200	243200	786.96105957
-2553600	243200	745.175231934
-2432000	243200	688.82244873
-2310400	243200	648.097106934
-2188800	243200	656.751037598
-2067200	243200	719.153808594
-1945600	243200	846.531188965
-1824000	243200	1144.84155273
-1702400	243200	1087.30957031
-1580800	243200	651.878173828
-1459200	243200	506.542175293
-1337600	243200	476.9972229
-1216000	243200	354.005493164
-1094400	243200	266.444396973
-972800	243200	255.646011353
-851200	243200	216.175628662
-729600	243200	171.240081787
-608000	243200	109.609893799
-486400	243200	76.2821960449
-364800	243200	57.0739479065
-243200	243200	51.035785675
-121600	243200	46.3346138
0	243200	34.4771690369
121600	243200	32.3041725159
243200	243200	25.355594635
364800	243200	23.5598926544
486400	243200	21.495470047
608000	243200	21.303483963
729600	243200	15.9786834717
851200	243200	15.3478889465
972800	243200	18.8512229919
1094400	243200	30.4973201752
1216000	243200	63.7648582458
1337600	243200	67.3325958252
1459200	243200	66.5931930542
1580800	243200	64.832824707
1702400	243200	69.7846069336
1824000	243200	86.0698928833
1945600	243200	93.9811859131
2067200	243200	130.575637817
2188800	243200	168.57258606
2310400	243200	271.076629639
2432000	243200	393.914672852
2553600	243200	562.666320801
2675200	243200	582.190307617
2796800	243200	555.543151855
2918400	243200	597.087646484
3040000	243200	661.571228027
-3040000	121600	827.844482422
-2918400	121600	835.797302246
-2796800	121600	845.587646484
-2675200	121600	795.668518066
-2553600	121600	737.552246094
-2432000	121600	678.192932129
-2310400	121600	635.96472168
-2188800	121600	644.311523438
-2067200	121600	722.833007812
-1945600	121600	963.384765625
-1824000	121600	1402.24975586
-1702400	121600	685.888305664
-1580800	121600	582.93347168
-1459200	121600	558.722045898
-1337600	121600	486.357849121
-1216000	121600	125.75491333
-1094400	121600	110.440467834
-972800	121600	214.092391968
-851200	121600	186.684356689
-729600	121600	154.646942139
-608000	121600	120.529335022
-486400	121600	85.313117981
-364800	121600	86.7813034058
-243200	121600	55.0315208435
-121600	121600	51.7374916077
0	121600	43.4947395325
121600	121600	33.8610153198
243200	121600	26.8776397705
364800	121600	25.3026847839
486400	121600	20.9153137207
608000	121600	20.6836700439
729600	121600	17.4270172119
851200	121600	18.6509838104
972800	121600	17.2012348175
1094400	121600	24.8252696991
1216000	121600	43.3026657104
1337600	121600	50.4680480957
1459200	121600	55.092414856
1580800	121600	57.7422866821
1702400	121600	63.0995674133
1824000	121600	74.0772857666
1945600	121600	89.8687896729
2067200	121600	136.459213257
2188800	121600	183.415802002
2310400	121600	294.659759521
2432000	121600	480.661529541
2553600	121600	475.987915039
2675200	121600	634.784301758
2796800	121600	597.364624023
2918400	121600	601.309936523
3040000	121600	646.573181152
-3040000	0	830.678894043
-2918400	0	840.254577637
-2796800	0	849.952697754
-2675200	0	798.747619629
-2553600	0	734.59777832
-2432000	0	677.779052734
-2310400	0	668.741271973
-2188800	0	644.143432617
-2067200	0	716.127319336
-1945600	0	988.930786133
-1824000	0	1168.26635742
-1702400	0	389.865814209
-1580800	0	561.962158203
-1459200	0	423.729125977
-1337600	0	299.169464111
-1216000	0	215.127853394
-1094400	0	155.495101929
-972800	0	153.057647705
-851200	0	147.543746948
-729600	0	132.646652222
-608000	0	114.824752808
-486400	0	134.405136108
-364800	0	113.167282104
-243200	0	72.8263092041
-121600	0	59.6699295044
0	0	56.4918823242
121600	0	30.9524307251
243200	0	27.5835323334
364800	0	29.2338542938
486400	0	24.1120758057
608000	0	24.1922798157
729600	0	18.7829284668
851200	0	19.848482132
972800	0	17.7052650452
1094400	0	20.1390552521
1216000	0	29.5523166656
1337600	0	37.650932312
1459200	0	45.4469604492
1580800	0	49.4277534485
1702400	0	55.4337692261
1824000	0	65.7608261108
1945600	0	93.588394165
2067200	0	131.027999878
2188800	0	166.549636841
2310400	0	244.039886475
2432000	0	340.200927734
2553600	0	466.600280762
2675200	0	676.245178223
2796800	0	633.466003418
2918400	0	604.13671875
3040000	0	644.372314453
-3040000	-121600	828.096496582
-2918400	-121600	831.171142578
-2796800	-121600	842.807434082
-2675200	-121600	814.095825195
-2553600	-121600	758.75213623
-2432000	-121600	702.787414551
-2310400	-121600	658.874023438
-2188800	-121600	654.474060059
-2067200	-121600	714.663330078
-1945600	-121600	966.787231445
-1824000	-121600	1419.68811035
-1702400	-121600	301.871917725
-1580800	-121600	517.614624023
-1459200	-121600	506.988342285
-1337600	-121600	335.097229004
-1216000	-121600	305.774291992
-1094400	-121600	208.268417358
-972800	-121600	102.80443573
-851200	-121600	108.521080017
-729600	-121600	124.364372253
-608000	-121600	163.28742981
-486400	-121600	140.709671021
-364800	-121600	80.2876358032
-243200	-121600	73.4727859497
-121600	-121600	65.0898666382
0	-121600	53.9188232422
121600	-121600	36.0382499695
243200	-121600	25.905620575
364800	-121600	26.8150653839
486400	-121600	26.4599189758
608000	-121600	23.7727375031
729600	-121600	22.4995861053
851200	-121600	20.7724132538
972800	-121600	17.867521286
1094400	-121600	18.6173763275
1216000	-121600	18.4346485138
1337600	-121600	24.865530014
1459200	-121600	30.2827358246
1580800	-121600	39.3477897644
1702400	-121600	51.0881500244
1824000	-121600	65.7911834717
1945600	-121600	86.8368911743
2067200	-121600	110.478904724
2188800	-121600	149.500091553
2310400	-121600	214.221298218
2432000	-121600	331.809204102
2553600	-121600	747.299072266
2675200	-121600	775.705566406
2796800	-121600	670.397155762
2918400	-121600	600.063598633
3040000	-121600	631.257568359
-3040000	-243200	822.736328125
-2918400	-243200	812.211914062
-2796800	-243200	816.649780273
-2675200	-243200	791.603637695
-2553600	-243200	749.431152344
-2432000	-243200	705.763977051
-2310400	-243200	660.172302246
-2188800	-243200	657.180847168
-2067200	-243200	756.088256836
-1945600	-243200	1046.5246582
-1824000	-243200	1010.36914062
-1702400	-243200	355.688934326
-1580800	-243200	677.455932617
-1459200	-243200	522.285705566
-1337600	-243200	310.706817627
-1216000	-243200	329.625152588
-1094400	-243200	194.973571777
-972800	-243200	142.148498535
-851200	-243200	123.979171753
-729600	-243200	157.200088501
-608000	-243200	202.523223877
-486400	-243200	178.491928101
-364800	-243200	114.108047485
-243200	-243200	26.1973304749
-121600	-243200	53.6150360107
0	-243200	23.8132686615
121600	-243200	29.0453529358
243200	-243200	25.2042102814
364800	-243200	18.5815181732
486400	-243200	22.1212863922
608000	-243200	21.1103553772
729600	-243200	23.2538928986
851200	-243200	23.6189155579
972800	-243200	18.1414489746
1094400	-243200	17.8559761047
1216000	-243200	18.803850174
1337600	-243200	21.490940094
1459200	-243200	28.9767246246
1580800	-243200	39.9557304382
1702400	-243200	52.6074447632
1824000	-243200	67.223739624
1945600	-243200	89.6006622314
2067200	-243200	136.608001709
2188800	-243200	196.343261719
2310400	-243200	225.810089111
2432000	-243200	281.429199219
2553600	-243200	686.646728516
2675200	-243200	684.751953125
2796800	-243200	680.78338623
2918400	-243200	621.133056641
3040000	-243200	633.436035156
-3040000	-364800	824.748168945
-2918400	-364800	803.461181641
-2796800	-364800	805.34185791
-2675200	-364800	782.611206055
-2553600	-364800	742.249511719
-2432000	-364800	701.98059082
-2310400	-364800	655.045471191
-2188800	-364800	630.321838379
-2067200	-364800	691.233093262
-1945600	-364800	923.416137695
-1824000	-364800	594.649780273
-1702400	-364800	508.545532227
-1580800	-364800	881.225830078
-1459200	-364800	370.949981689
-1337600	-364800	330.024871826
-1216000	-364800	337.84942627
-1094400	-364800	185.234436035
-972800	-364800	151.057266235
-851200	-364800	93.2451324463
-729600	-364800	102.923019409
-608000	-364800	91.4508361816
-486400	-364800	104.391624451
-364800	-364800	174.984725952
-243200	-364800	109.163848877
-121600	-364800	9.15894412994
0	-364800	-0.455709040165
121600	-364800	18.2518596649
243200	-364800	14.9439229965
364800	-364800	9.78503417969
486400	-364800	13.5297288895
608000	-364800	14.3502635956
729600	-364800	23.929353714
851200	-364800	22.8051834106
972800	-364800	18.6693000793
1094400	-364800	19.8504257202
1216000	-364800	18.9963188171
1337600	-364800	22.062828064
1459200	-364800	28.739276886
1580800	-364800	39.8720436096
1702400	-364800	52.3757400513
1824000	-364800	69.1570053101
1945600	-364800	101.487533569
2067200	-364800	156.870193481
2188800	-364800	228.394638062
2310400	-364800	374.188873291
2432000	-364800	575.816711426
2553600	-364800	788.089294434
2675200	-364800	766.339599609
2796800	-364800	710.324401855
2918400	-364800	656.935119629
3040000	-364800	656.181213379
-3040000	-486400	843.377319336
-2918400	-486400	802.976989746
-2796800	-486400	805.087890625
-2675200	-486400	798.94329834
-2553600	-486400	772.400878906
-2432000	-486400	729.561828613
-2310400	-486400	664.925292969
-2188800	-486400	607.77722168
-2067200	-486400	586.886169434
-1945600	-486400	581.410217285
-1824000	-486400	494.566986084
-1702400	-486400	529.077087402
-1580800	-486400	701.380187988
-1459200	-486400	795.764587402
-1337600	-486400	345.726257324
-1216000	-486400	378.522644043
-1094400	-486400	147.186752319
-972800	-486400	90.029083252
-851200	-486400	61.4623298645
-729600	-486400	52.0579032898
-608000	-486400	43.1683235168
-486400	-486400	40.3684883118
-364800	-486400	33.3817367554
-243200	-486400	106.769248962
-121600	-486400	193.959136963
0	-486400	-26.6483383179
121600	-486400	-2.74249243736
243200	-486400	3.25813674927
364800	-486400	1.92211484909
486400	-486400	4.49856805801
608000	-486400	6.54334926605
729600	-486400	14.7124509811
851200	-486400	18.4040412903
972800	-486400	17.5019378662
1094400	-486400	18.6449279785
1216000	-486400	19.7812671661
1337600	-486400	22.6042804718
1459200	-486400	30.969959259
1580800	-486400	40.9580612183
1702400	-486400	55.2405128479
1824000	-486400	77.8890914917
1945600	-486400	104.507225037
2067200	-486400	146.39151001
2188800	-486400	189.457611084
2310400	-486400	249.593002319
2432000	-486400	408.983703613
2553600	-486400	400.158966064
2675200	-486400	571.120422363
2796800	-486400	736.672607422
2918400	-486400	699.722229004
3040000	-486400	696.869934082
-3040000	-608000	885.686157227
-2918400	-608000	838.237304688
-2796800	-608000	831.867980957
-2675200	-608000	823.938110352
-2553600	-608000	805.367736816
-2432000	-608000	768.11340332
-2310400	-608000	701.048522949
-2188800	-608000	620.005554199
-2067200	-608000	562.344299316
-1945600	-608000	530.569335938
-1824000	-608000	530.058776855
-1702400	-608000	640.322875977
-1580800	-608000	933.233703613
-1459200	-608000	606.423095703
-1337600	-608000	279.728057861
-1216000	-608000	234.984848022
-1094400	-608000	102.684921265
-972800	-608000	69.4912567139
-851200	-608000	54.455078125
-729600	-608000	51.0534057617
-608000	-608000	34.3524017334
-486400	-608000	35.2793960571
-364800	-608000	18.2127456665
-243200	-608000	24.782907486
-121600	-608000	73.5849075317
0	-608000	99.7946624756
121600	-608000	60.46484375
243200	-608000	-14.5774173737
364800	-608000	-9.32552242279
486400	-608000	1.1240414381
608000	-608000	2.73027515411
729600	-608000	10.4027919769
851200	-608000	14.8432407379
972800	-608000	20.7682685852
1094400	-608000	19.6516704559
1216000	-608000	20.7524356842
1337600	-608000	24.0579471588
1459200	-608000	33.9670906067
1580800	-608000	45.4998397827
1702400	-608000	60.6983032227
1824000	-608000	84.5521316528
1945600	-608000	119.577522278
2067200	-608000	165.96647644
2188800	-608000	227.688842773
2310400	-608000	255.460083008
2432000	-608000	258.649597168
2553600	-608000	620.649658203
2675200	-608000	744.616455078
2796800	-608000	766.528076172
2918400	-608000	716.495178223
3040000	-608000	723.798034668
-3040000	-729600	935.867248535
-2918400	-729600	896.26159668
-2796800	-729600	870.041992188
-2675200	-729600	831.589294434
-2553600	-729600	810.746826172
-2432000	-729600	790.140380859
-2310400	-729600	728.130187988
-2188800	-729600	642.878234863
-2067200	-729600	591.868591309
-1945600	-729600	584.991638184
-1824000	-729600	601.919433594
-1702400	-729600	721.279418945
-1580800	-729600	818.794433594
-1459200	-729600	783.971679688
-1337600	-729600	330.21005249
-1216000	-729600	116.07333374
-1094400	-729600	68.9956665039
-972800	-729600	55.5239486694
-851200	-729600	57.8938407898
-729600	-729600	45.9656906128
-608000	-729600	40.4807739258
-486400	-729600	38.5519256592
-364800	-729600	26.8670215607
-243200	-729600	20.000623703
-121600	-729600	41.7247657776
0	-729600	122.3904953
121600	-729600	155.107925415
243200	-729600	2.96435785294
364800	-729600	-23.5992107391
486400	-729600	-1.99143075943
608000	-729600	0.597814202309
729600	-729600	4.84310054779
851200	-729600	12.9227523804
972800	-729600	19.2972316742
1094400	-729600	18.871711731
1216000	-729600	19.7901363373
1337600	-729600	25.1605968475
1459200	-729600	36.8791046143
1580800	-729600	48.8662757874
1702400	-729600	65.1832351685
1824000	-729600	88.3262939453
1945600	-729600	125.001419067
2067200	-729600	187.507507324
2188800	-729600	255.793807983
2310400	-729600	461.243743896
2432000	-729600	773.131774902
2553600	-729600	727.070739746
2675200	-729600	854.22479248
2796800	-729600	781.056640625
2918400	-729600	735.841064453
3040000	-729600	740.054138184
-3040000	-851200	986.204772949
-2918400	-851200	957.391601562
-2796800	-851200	907.593200684
-2675200	-851200	853.242126465
-2553600	-851200	816.64050293
-2432000	-851200	780.236999512
-2310400	-851200	728.404296875
-2188800	-851200	664.640136719
-2067200	-851200	617.668212891
-1945600	-851200	606.023864746
-1824000	-851200	599.354431152
-1702400	-851200	653.328063965
-1580800	-851200	840.131347656
-1459200	-851200	829.565124512
-1337600	-851200	693.320373535
-1216000	-851200	142.927947998
-1094400	-851200	39.4541358948
-972800	-851200	60.2327651978
-851200	-851200	57.5924453735
-729600	-851200	46.6455192566
-608000	-851200	46.1991615295
-486400	-851200	52.6897125244
-364800	-851200	37.6580429077
-243200	-851200	21.1780166626
-121600	-851200	23.4318523407
0	-851200	45.8831520081
121600	-851200	76.7880783081
243200	-851200	80.6366424561
364800	-851200	28.4974727631
486400	-851200	-7.43740558624
608000	-851200	-1.17377495766
729600	-851200	6.44181108475
851200	-851200	12.5832281113
972800	-851200	17.9061107635
1094400	-851200	17.9388713837
1216000	-851200	22.1381511688
1337600	-851200	28.0560913086
1459200	-851200	39.6346969604
1580800	-851200	52.9066963196
1702400	-851200	79.9892730713
1824000	-851200	113.033531189
1945600	-851200	173.882095337
2067200	-851200	269.328979492
2188800	-851200	406.697845459
2310400	-851200	494.085540771
2432000	-851200	691.781921387
2553600	-851200	918.079589844
2675200	-851200	831.583007812
2796800	-851200	776.210327148
2918400	-851200	745.324462891
3040000	-851200	744.393005371
-3040000	-972800	1039.27001953
-2918400	-972800	999.689819336
-2796800	-972800	932.310791016
-2675200	-972800	872.607177734
-2553600	-972800	835.931640625
-2432000	-972800	779.832580566
-2310400	-972800	736.056213379
-2188800	-972800	678.864624023
-2067200	-972800	619.402954102
-1945600	-972800	596.653137207
-1824000	-972800	581.014770508
-1702400	-972800	579.147766113
-1580800	-972800	682.877380371
-1459200	-972800	869.528015137
-1337600	-972800	1065.47729492
-1216000	-972800	453.690338135
-1094400	-972800	54.8023223877
-972800	-972800	18.4451141357
-851200	-972800	59.3569297791
-729600	-972800	24.480550766
-608000	-972800	55.7821540833
-486400	-972800	34.9689826965
-364800	-972800	26.9487133026
-243200	-972800	17.7714328766
-121600	-972800	22.0611667633
0	-972800	29.9348049164
121600	-972800	45.9244689941
243200	-972800	61.7536354065
364800	-972800	84.550201416
486400	-972800	-3.63684558868
608000	-972800	1.52225160599
729600	-972800	5.9430642128
851200	-972800	12.4592094421
972800	-972800	18.3858470917
1094400	-972800	21.4537582397
1216000	-972800	24.4961147308
1337600	-972800	31.1725234985
1459200	-972800	43.957069397
1580800	-972800	64.5441741943
1702400	-972800	99.0466461182
1824000	-972800	138.821670532
1945600	-972800	199.66619873
2067200	-972800	302.878723145
2188800	-972800	564.180725098
2310400	-972800	645.510620117
2432000	-972800	483.038238525
2553600	-972800	707.247070312
2675200	-972800	824.200073242
2796800	-972800	779.56652832
2918400	-972800	756.56463623
3040000	-972800	756.472167969
-3040000	-1094400	1060.45446777
-2918400	-1094400	1013.08831787
-2796800	-1094400	947.601623535
-2675200	-1094400	885.813598633
-2553600	-1094400	822.772277832
-2432000	-1094400	772.688537598
-2310400	-1094400	741.539489746
-2188800	-1094400	698.840393066
-2067200	-1094400	642.156555176
-1945600	-1094400	591.198730469
-1824000	-1094400	565.646911621
-1702400	-1094400	558.050415039
-1580800	-1094400	645.616149902
-1459200	-1094400	1220.58532715
-1337600	-1094400	648.451843262
-1216000	-1094400	1250.69372559
-1094400	-1094400	593.165649414
-972800	-1094400	106.042655945
-851200	-1094400	116.429138184
-729600	-1094400	336.666351318
-608000	-1094400	97.4051513672
-486400	-1094400	58.6857948303
-364800	-1094400	64.4442367554
-243200	-1094400	31.7739162445
-121600	-1094400	32.2204627991
0	-1094400	35.5274887085
121600	-1094400	43.0801582336
243200	-1094400	75.0580215454
364800	-1094400	122.180381775
486400	-1094400	0.63056987524
608000	-1094400	5.76309013367
729600	-1094400	9.49003410339
851200	-1094400	15.5331525803
972800	-1094400	21.8212795258
1094400	-1094400	27.9967327118
1216000	-1094400	35.3930130005
1337600	-1094400	41.556678772
1459200	-1094400	54.4164199829
1580800	-1094400	77.2337188721
1702400	-1094400	113.228302002
1824000	-1094400	154.963104248
1945600	-1094400	228.855651855
2067200	-1094400	404.985321045
2188800	-1094400	608.55847168
2310400	-1094400	1452.6986084
2432000	-1094400	1074.52380371
2553600	-1094400	879.737182617
2675200	-1094400	828.496582031
2796800	-1094400	776.856872559
2918400	-1094400	769.240661621
3040000	-1094400	770.487792969
-3040000	-1216000	1062.3671875
-2918400	-1216000	1009.98382568
-2796800	-1216000	946.815002441
-2675200	-1216000	881.097900391
-2553600	-1216000	815.470825195
-2432000	-1216000	772.060913086
-2310400	-1216000	735.665405273
-2188800	-1216000	711.070922852
-2067200	-1216000	657.95135498
-1945600	-1216000	599.974060059
-1824000	-1216000	567.464782715
-1702400	-1216000	557.218017578
-1580800	-1216000	571.654174805
-1459200	-1216000	558.978149414
-1337600	-1216000	680.70880127
-1216000	-1216000	812.104125977
-1094400	-1216000	799.309448242
-972800	-1216000	851.116210938
-851200	-1216000	149.523178101
-729600	-1216000	421.360351562
-608000	-1216000	703.947631836
-486400	-1216000	155.45262146
-364800	-1216000	131.465744019
-243200	-1216000	62.1850547791
-121600	-1216000	57.7348060608
0	-1216000	58.9942474365
121600	-1216000	57.1827735901
243200	-1216000	85.3237609863
364800	-1216000	158.033905029
486400	-1216000	21.5156803131
608000	-1216000	5.85248565674
729600	-1216000	15.3776130676
851200	-1216000	21.225774765
972800	-1216000	28.2450351715
1094400	-1216000	36.9862556458
1216000	-1216000	48.2910041809
1337600	-1216000	57.584148407
1459200	-1216000	68.1058578491
1580800	-1216000	90.2390975952
1702400	-1216000	125.025817871
1824000	-1216000	167.478851318
1945600	-1216000	243.722732544
2067200	-1216000	439.643066406
2188800	-1216000	845.825622559
2310400	-1216000	832.101867676
2432000	-1216000	789.395751953
2553600	-1216000	801.548828125
2675200	-1216000	800.349060059
2796800	-1216000	776.249328613
2918400	-1216000	781.751159668
3040000	-1216000	806.446228027
-3040000	-1337600	1076.31408691
-2918400	-1337600	1022.25830078
-2796800	-1337600	952.329772949
-2675200	-1337600	885.781921387
-2553600	-1337600	829.128112793
-2432000	-1337600	772.840698242
-2310400	-1337600	711.949707031
-2188800	-1337600	674.359985352
-2067200	-1337600	638.444396973
-1945600	-1337600	597.681030273
-1824000	-1337600	560.64276123
-1702400	-1337600	560.235900879
-1580800	-1337600	547.052856445
-1459200	-1337600	515.528564453
-1337600	-1337600	528.380554199
-1216000	-1337600	599.056640625
-1094400	-1337600	630.880493164
-972800	-1337600	671.142883301
-851200	-1337600	495.83505249
-729600	-1337600	371.873535156
-608000	-1337600	362.383178711
-486400	-1337600	248.261856079
-364800	-1337600	184.42388916
-243200	-1337600	167.549438477
-121600	-1337600	196.609512329
0	-1337600	231.268539429
121600	-1337600	131.970825195
243200	-1337600	151.714859009
364800	-1337600	3.53159689903
486400	-1337600	-15.3031492233
608000	-1337600	7.90310621262
729600	-1337600	25.0221252441
851200	-1337600	32.6934967041
972800	-1337600	40.9508666992
1094400	-1337600	51.7848320007
1216000	-1337600	66.5995025635
1337600	-1337600	78.5529251099
1459200	-1337600	92.5658874512
1580800	-1337600	128.60597229
1702400	-1337600	181.429916382
1824000	-1337600	216.431945801
1945600	-1337600	247.688064575
2067200	-1337600	370.368499756
2188800	-1337600	668.359436035
2310400	-1337600	795.763061523
2432000	-1337600	774.838562012
2553600	-1337600	793.616943359
2675200	-1337600	800.440002441
2796800	-1337600	789.463256836
2918400	-1337600	811.427490234
3040000	-1337600	862.917358398
-3040000	-1459200	1095.72033691
-2918400	-1459200	1034.63879395
-2796800	-1459200	962.553039551
-2675200	-1459200	904.49206543
-2553600	-1459200	851.572143555
-2432000	-1459200	776.382751465
-2310400	-1459200	700.681091309
-2188800	-1459200	641.703796387
-2067200	-1459200	627.20111084
-1945600	-1459200	607.795715332
-1824000	-1459200	571.772949219
-1702400	-1459200	545.518432617
-1580800	-1459200	519.219360352
-1459200	-1459200	485.086517334
-1337600	-1459200	477.272216797
-1216000	-1459200	474.05090332
-1094400	-1459200	448.985900879
-972800	-1459200	421.722473145
-851200	-1459200	371.842498779
-729600	-1459200	295.455932617
-608000	-1459200	261.127868652
-486400	-1459200	230.875854492
-364800	-1459200	202.871871948
-243200	-1459200	199.01751709
-121600	-1459200	227.930374146
0	-1459200	272.141967773
121600	-1459200	284.757263184
243200	-1459200	184.853637695
364800	-1459200	114.316452026
486400	-1459200	12.5600185394
608000	-1459200	27.0182342529
729600	-1459200	42.5260009766
851200	-1459200	45.8376808167
972800	-1459200	54.7913322449
1094400	-1459200	71.2219619751
1216000	-1459200	83.4116668701
1337600	-1459200	107.94103241
1459200	-1459200	129.28338623
1580800	-1459200	162.4712677
1702400	-1459200	248.551986694
1824000	-1459200	377.248260498
1945600	-1459200	515.885986328
2067200	-1459200	607.091064453
2188800	-1459200	875.196411133
2310400	-1459200	873.913757324
2432000	-1459200	829.008728027
2553600	-1459200	816.140380859
2675200	-1459200	813.478759766
2796800	-1459200	817.778808594
2918400	-1459200	850.410522461
3040000	-1459200	897.095275879
-3040000	-1580800	1106.92687988
-2918400	-1580800	1052.32519531
-2796800	-1580800	987.057067871
-2675200	-1580800	926.109985352
-2553600	-1580800	869.303344727
-2432000	-1580800	788.447143555
-2310400	-1580800	706.85546875
-2188800	-1580800	642.669677734
-2067200	-1580800	614.265319824
-1945600	-1580800	611.884460449
-1824000	-1580800	580.968811035
-1702400	-1580800	543.278564453
-1580800	-1580800	512.93572998
-1459200	-1580800	483.261016846
-1337600	-1580800	465.036315918
-1216000	-1580800	436.808929443
-1094400	-1580800	401.722564697
-972800	-1580800	383.534210205
-851200	-1580800	359.863372803
-729600	-1580800	311.081634521
-608000	-1580800	269.349517822
-486400	-1580800	243.476608276
-364800	-1580800	229.203643799
-243200	-1580800	233.423919678
-121600	-1580800	260.405334473
0	-1580800	290.367401123
121600	-1580800	286.07043457
243200	-1580800	232.321273804
364800	-1580800	172.007888794
486400	-1580800	116.158294678
608000	-1580800	57.3232383728
729600	-1580800	59.5166320801
851200	-1580800	62.4765701294
972800	-1580800	79.8507385254
1094400	-1580800	92.4467544556
1216000	-1580800	110.566238403
1337600	-1580800	140.45223999
1459200	-1580800	170.176773071
1580800	-1580800	233.445922852
1702400	-1580800	279.655334473
1824000	-1580800	482.695465088
1945600	-1580800	1089.51171875
2067200	-1580800	1388.38757324
2188800	-1580800	1043.4095459
2310400	-1580800	917.041992188
2432000	-1580800	855.009277344
2553600	-1580800	832.786560059
2675200	-1580800	822.002624512
2796800	-1580800	837.991516113
2918400	-1580800	865.337890625
3040000	-1580800	879.960632324
-3040000	-1702400	1094.20959473
-2918400	-1702400	1054.68151855
-2796800	-1702400	1006.89666748
-2675200	-1702400	958.430114746
-2553600	-1702400	893.620056152
-2432000	-1702400	813.621765137
-2310400	-1702400	735.565734863
-2188800	-1702400	654.963745117
-2067200	-1702400	610.180969238
-1945600	-1702400	615.024597168
-1824000	-1702400	605.266418457
-1702400	-1702400	579.896606445
-1580800	-1702400	533.105529785
-1459200	-1702400	500.622955322
-1337600	-1702400	474.693572998
-1216000	-1702400	436.335388184
-1094400	-1702400	422.683807373
-972800	-1702400	420.324951172
-851200	-1702400	402.294067383
-729600	-1702400	353.043548584
-608000	-1702400	301.351348877
-486400	-1702400	258.662872314
-364800	-1702400	248.538696289
-243200	-1702400	261.231567383
-121600	-1702400	294.973449707
0	-1702400	321.292419434
121600	-1702400	319.610595703
243200	-1702400	305.555206299
364800	-1702400	248.179428101
486400	-1702400	186.502655029
608000	-1702400	83.5079269409
729600	-1702400	84.5201797485
851200	-1702400	105.300666809
972800	-1702400	128.932525635
1094400	-1702400	152.780563354
1216000	-1702400	182.486434937
1337600	-1702400	218.711837769
1459200	-1702400	232.634338379
1580800	-1702400	268.054443359
1702400	-1702400	366.581695557
1824000	-1702400	509.355804443
1945600	-1702400	786.023071289
2067200	-1702400	948.505187988
2188800	-1702400	972.199890137
2310400	-1702400	897.343688965
2432000	-1702400	847.863891602
2553600	-1702400	829.181335449
2675200	-1702400	833.432922363
2796800	-1702400	850.833129883
2918400	-1702400	853.04876709
3040000	-1702400	848.846374512
-3040000	-1824000	1071.9510498
-2918400	-1824000	1041.79467773
-2796800	-1824000	1019.73162842
-2675200	-1824000	990.942504883
-2553600	-1824000	924.520202637
-2432000	-1824000	856.182800293
-2310400	-1824000	773.187561035
-2188800	-1824000	681.450500488
-2067200	-1824000	639.154541016
-1945600	-1824000	635.843933105
-1824000	-1824000	639.463867188
-1702400	-1824000	623.14465332
-1580800	-1824000	572.003234863
-1459200	-1824000	532.622009277
-1337600	-1824000	496.091583252
-1216000	-1824000	465.501983643
-1094400	-1824000	465.058349609
-972800	-1824000	463.08505249
-851200	-1824000	422.057617188
-729600	-1824000	387.53302002
-608000	-1824000	332.583557129
-486400	-1824000	288.031616211
-364800	-1824000	272.380615234
-243200	-1824000	290.775848389
-121600	-1824000	341.56842041
0	-1824000	375.573272705
121600	-1824000	401.662719727
243200	-1824000	396.717407227
364800	-1824000	386.443817139
486400	-1824000	146.95892334
608000	-1824000	98.777923584
729600	-1824000	134.594161987
851200	-1824000	188.277252197
972800	-1824000	240.399002075
1094400	-1824000	289.232940674
1216000	-1824000	342.360870361
1337600	-1824000	386.832305908
1459200	-1824000	399.148590088
1580800	-1824000	437.542724609
1702400	-1824000	535.301147461
1824000	-1824000	851.16784668
1945600	-1824000	1076.76086426
2067200	-1824000	1171.78833008
2188800	-1824000	997.807678223
2310400	-1824000	902.024230957
2432000	-1824000	860.276367188
2553600	-1824000	850.418518066
2675200	-1824000	860.761047363
2796800	-1824000	864.585083008
2918400	-1824000	865.229553223
3040000	-1824000	857.950561523
-3040000	-1945600	1058.54675293
-2918400	-1945600	1030.8215332
-2796800	-1945600	1019.48748779
-2675200	-1945600	999.608398438
-2553600	-1945600	932.246032715
-2432000	-1945600	871.388427734
-2310400	-1945600	789.769165039
-2188800	-1945600	719.453979492
-2067200	-1945600	677.840026855
-1945600	-1945600	663.203857422
-1824000	-1945600	666.38067627
-1702400	-1945600	649.068847656
-1580800	-1945600	603.781982422
-1459200	-1945600	567.449279785
-1337600	-1945600	533.747619629
-1216000	-1945600	502.885681152
-1094400	-1945600	494.005096436
-972800	-1945600	477.735778809
-851200	-1945600	444.857208252
-729600	-1945600	419.675994873
-608000	-1945600	377.586639404
-486400	-1945600	339.446960449
-364800	-1945600	321.293395996
-243200	-1945600	344.995269775
-121600	-1945600	396.206512451
0	-1945600	441.139831543
121600	-1945600	474.15145874
243200	-1945600	421.990142822
364800	-1945600	335.527923584
486400	-1945600	147.001525879
608000	-1945600	153.811447144
729600	-1945600	231.481887817
851200	-1945600	289.072113037
972800	-1945600	424.658203125
1094400	-1945600	524.99017334
1216000	-1945600	559.915100098
1337600	-1945600	663.577026367
1459200	-1945600	792.247558594
1580800	-1945600	671.182983398
1702400	-1945600	815.776855469
1824000	-1945600	1080.81274414
1945600	-1945600	1259.58520508
2067200	-1945600	1116.02819824
2188800	-1945600	982.282714844
2310400	-1945600	929.648010254
2432000	-1945600	910.351623535
2553600	-1945600	913.99597168
2675200	-1945600	910.832458496
2796800	-1945600	923.29498291
2918400	-1945600	930.487304688
3040000	-1945600	917.897705078
-3040000	-2067200	1055.92028809
-2918400	-2067200	1016.31542969
-2796800	-2067200	993.56439209
-2675200	-2067200	969.728271484
-2553600	-2067200	925.199645996
-2432000	-2067200	866.856872559
-2310400	-2067200	802.585693359
-2188800	-2067200	747.602233887
-2067200	-2067200	706.145385742
-1945600	-2067200	683.003295898
-1824000	-2067200	687.059448242
-1702400	-2067200	672.668579102
-1580800	-2067200	635.320983887
-1459200	-2067200	607.793395996
-1337600	-2067200	577.337768555
-1216000	-2067200	545.664001465
-1094400	-2067200	528.255432129
-972800	-2067200	509.768890381
-851200	-2067200	481.213226318
-729600	-2067200	465.235565186
-608000	-2067200	437.687011719
-486400	-2067200	407.741912842
-364800	-2067200	390.457519531
-243200	-2067200	411.720825195
-121600	-2067200	456.43560791
0	-2067200	517.748901367
121600	-2067200	563.180419922
243200	-2067200	494.593322754
364800	-2067200	390.839569092
486400	-2067200	462.811340332
608000	-2067200	570.442993164
729600	-2067200	681.970275879
851200	-2067200	500.071594238
972800	-2067200	689.407043457
1094400	-2067200	806.35345459
1216000	-2067200	729.324523926
1337600	-2067200	912.808227539
1459200	-2067200	940.451782227
1580800	-2067200	932.265563965
1702400	-2067200	1137.50366211
1824000	-2067200	1210.97058105
1945600	-2067200	1144.19311523
2067200	-2067200	1030.12402344
2188800	-2067200	983.101257324
2310400	-2067200	979.201904297
2432000	-2067200	974.365783691
2553600	-2067200	969.862243652
2675200	-2067200	972.35723877
2796800	-2067200	991.62878418
2918400	-2067200	1000.01434326
3040000	-2067200	971.558288574
-3040000	-2188800	1054.1229248
-2918400	-2188800	1002.08190918
-2796800	-2188800	977.099914551
-2675200	-2188800	949.37677002
-2553600	-2188800	911.912780762
-2432000	-2188800	866.657653809
-2310400	-2188800	808.763061523
-2188800	-2188800	762.779602051
-2067200	-2188800	727.104492188
-1945600	-2188800	695.584655762
-1824000	-2188800	687.952026367
-1702400	-2188800	675.06427002
-1580800	-2188800	653.851196289
-1459200	-2188800	628.240539551
-1337600	-2188800	600.598388672
-1216000	-2188800	587.380615234
-1094400	-2188800	577.482849121
-972800	-2188800	550.278930664
-851200	-2188800	527.564453125
-729600	-2188800	520.092163086
-608000	-2188800	503.549682617
-486400	-2188800	490.749053955
-364800	-2188800	476.783447266
-243200	-2188800	485.233337402
-121600	-2188800	521.429992676
0	-2188800	600.855285645
121600	-2188800	669.403869629
243200	-2188800	671.687133789
364800	-2188800	651.950134277
486400	-2188800	686.409484863
608000	-2188800	728.297119141
729600	-2188800	845.226989746
851200	-2188800	809.417053223
972800	-2188800	874.600280762
1094400	-2188800	850.399414062
1216000	-2188800	855.357971191
1337600	-2188800	902.943603516
1459200	-2188800	990.421630859
1580800	-2188800	1076.77087402
1702400	-2188800	1158.52416992
1824000	-2188800	1140.73510742
1945600	-2188800	1054.93774414
2067200	-2188800	986.972167969
2188800	-2188800	987.526306152
2310400	-2188800	1006.15460205
2432000	-2188800	1003.55395508
2553600	-2188800	992.48638916
2675200	-2188800	1003.90100098
2796800	-2188800	1019.1083374
2918400	-2188800	1005.1385498
3040000	-2188800	963.326843262
-3040000	-2310400	1036.62268066
-2918400	-2310400	985.371948242
-2796800	-2310400	963.584411621
-2675200	-2310400	944.301635742
-2553600	-2310400	908.428161621
-2432000	-2310400	858.30456543
-2310400	-2310400	809.249633789
-2188800	-2310400	778.425415039
-2067200	-2310400	748.928955078
-1945600	-2310400	710.959533691
-1824000	-2310400	681.580749512
-1702400	-2310400	656.911132812
-1580800	-2310400	638.406677246
-1459200	-2310400	621.365783691
-1337600	-2310400	610.400817871
-1216000	-2310400	618.830810547
-1094400	-2310400	615.312988281
-972800	-2310400	596.831726074
-851200	-2310400	569.120300293
-729600	-2310400	574.430664062
-608000	-2310400	566.006896973
-486400	-2310400	572.582275391
-364800	-2310400	566.361938477
-243200	-2310400	562.126342773
-121600	-2310400	590.017456055
0	-2310400	654.058349609
121600	-2310400	713.649475098
243200	-2310400	752.478759766
364800	-2310400	762.369384766
486400	-2310400	760.487915039
608000	-2310400	778.908081055
729600	-2310400	821.871520996
851200	-2310400	852.932922363
972800	-2310400	868.411254883
1094400	-2310400	834.157897949
1216000	-2310400	826.016784668
1337600	-2310400	881.027099609
1459200	-2310400	977.938110352
1580800	-2310400	1054.70617676
1702400	-2310400	1101.61315918
1824000	-2310400	1081.21154785
1945600	-2310400	1019.87670898
2067200	-2310400	989.32598877
2188800	-2310400	998.409545898
2310400	-2310400	1015.11431885
2432000	-2310400	1009.42059326
2553600	-2310400	991.91595459
2675200	-2310400	996.885192871
2796800	-2310400	999.116821289
2918400	-2310400	967.282592773
3040000	-2310400	926.258117676
-3040000	-2432000	1038.82946777
-2918400	-2432000	979.350646973
-2796800	-2432000	954.445739746
-2675200	-2432000	938.71673584
-2553600	-2432000	907.54888916
-2432000	-2432000	857.609375
-2310400	-2432000	806.066345215
-2188800	-2432000	770.872314453
-2067200	-2432000	746.452148438
-1945600	-2432000	720.747192383
-1824000	-2432000	677.31060791
-1702400	-2432000	631.914733887
-1580800	-2432000	607.785766602
-1459200	-2432000	615.336364746
-1337600	-2432000	621.74017334
-1216000	-2432000	642.971252441
-1094400	-2432000	663.13848877
-972800	-2432000	656.382019043
-851200	-2432000	632.448364258
-729600	-2432000	630.586608887
-608000	-2432000	630.922729492
-486400	-2432000	652.843505859
-364800	-2432000	652.764770508
-243200	-2432000	640.548400879
-121600	-2432000	645.258544922
0	-2432000	670.131103516
121600	-2432000	700.560668945
243200	-2432000	751.541625977
364800	-2432000	788.686767578
486400	-2432000	785.434020996
608000	-2432000	800.017700195
729600	-2432000	810.594543457
851200	-2432000	804.82611084
972800	-2432000	822.860595703
1094400	-2432000	821.175476074
1216000	-2432000	821.146606445
1337600	-2432000	875.439941406
1459200	-2432000	969.562438965
1580800	-2432000	1038.16430664
1702400	-2432000	1076.89477539
1824000	-2432000	1080.97961426
1945600	-2432000	1054.19763184
2067200	-2432000	1039.81018066
2188800	-2432000	1023.56347656
2310400	-2432000	1019.46728516
2432000	-2432000	1007.50292969
2553600	-2432000	982.915100098
2675200	-2432000	972.817687988
2796800	-2432000	963.036071777
2918400	-2432000	931.32824707
3040000	-2432000	903.988464355
-3040000	-2553600	1051.94519043
-2918400	-2553600	985.44543457
-2796800	-2553600	942.325439453
-2675200	-2553600	917.176940918
-2553600	-2553600	887.158996582
-2432000	-2553600	839.485656738
-2310400	-2553600	796.133239746
-2188800	-2553600	768.299926758
-2067200	-2553600	740.081970215
-1945600	-2553600	710.626647949
-1824000	-2553600	661.803710938
-1702400	-2553600	620.086425781
-1580800	-2553600	609.611877441
-1459200	-2553600	630.095581055
-1337600	-2553600	642.862243652
-1216000	-2553600	664.965209961
-1094400	-2553600	694.354858398
-972800	-2553600	694.924194336
-851200	-2553600	678.97442627
-729600	-2553600	676.395141602
-608000	-2553600	680.634460449
-486400	-2553600	693.789672852
-364800	-2553600	691.629516602
-243200	-2553600	688.077636719
-121600	-2553600	683.257019043
0	-2553600	672.756591797
121600	-2553600	671.347167969
243200	-2553600	711.125244141
364800	-2553600	766.64263916
486400	-2553600	791.884765625
608000	-2553600	810.967102051
729600	-2553600	814.327880859
851200	-2553600	803.209716797
972800	-2553600	803.464416504
1094400	-2553600	816.453552246
1216000	-2553600	837.250976562
1337600	-2553600	887.586547852
1459200	-2553600	966.916870117
1580800	-2553600	1026.95068359
1702400	-2553600	1067.09606934
1824000	-2553600	1081.9630127
1945600	-2553600	1070.87768555
2067200	-2553600	1068.45556641
2188800	-2553600	1057.47949219
2310400	-2553600	1028.3951416
2432000	-2553600	1004.37506104
2553600	-2553600	984.330383301
2675200	-2553600	969.104064941
2796800	-2553600	953.974365234
2918400	-2553600	926.464538574
3040000	-2553600	904.853942871
-3040000	-2675200	1046.92028809
-2918400	-2675200	983.332824707
-2796800	-2675200	925.710693359
-2675200	-2675200	887.407165527
-2553600	-2675200	855.691772461
-2432000	-2675200	808.723876953
-2310400	-2675200	775.68170166
-2188800	-2675200	748.707519531
-2067200	-2675200	720.627258301
-1945600	-2675200	687.568725586
-1824000	-2675200	654.143554688
-1702400	-2675200	637.051818848
-1580800	-2675200	640.318786621
-1459200	-2675200	654.973449707
-1337600	-2675200	660.351135254
-1216000	-2675200	670.928833008
-1094400	-2675200	693.142944336
-972800	-2675200	696.725769043
-851200	-2675200	688.928710938
-729600	-2675200	687.58392334
-608000	-2675200	692.920532227
-486400	-2675200	694.74420166
-364800	-2675200	691.575134277
-243200	-2675200	704.524414062
-121600	-2675200	700.971069336
0	-2675200	681.945678711
121600	-2675200	670.396728516
243200	-2675200	688.124511719
364800	-2675200	730.531555176
486400	-2675200	778.391357422
608000	-2675200	814.80657959
729600	-2675200	820.826843262
851200	-2675200	814.519775391
972800	-2675200	805.719360352
1094400	-2675200	819.629211426
1216000	-2675200	852.451049805
1337600	-2675200	901.804870605
1459200	-2675200	964.724121094
1580800	-2675200	1022.71942139
1702400	-2675200	1048.7298584
1824000	-2675200	1052.22570801
1945600	-2675200	1046.21582031
2067200	-2675200	1054.0682373
2188800	-2675200	1049.4798584
2310400	-2675200	1024.19030762
2432000	-2675200	998.024047852
2553600	-2675200	979.801696777
2675200	-2675200	971.276916504
2796800	-2675200	954.899719238
2918400	-2675200	935.119262695
3040000	-2675200	922.260009766
-3040000	-2796800	1019.09967041
-2918400	-2796800	967.820556641
-2796800	-2796800	912.490356445
-2675200	-2796800	877.690673828
-2553600	-2796800	837.177490234
-2432000	-2796800	783.620178223
-2310400	-2796800	749.875976562
-2188800	-2796800	730.52355957
-2067200	-2796800	717.493896484
-1945600	-2796800	700.429626465
-1824000	-2796800	685.625427246
-1702400	-2796800	689.887878418
-1580800	-2796800	693.425354004
-1459200	-2796800	686.830444336
-1337600	-2796800	667.805053711
-1216000	-2796800	670.527954102
-1094400	-2796800	684.745788574
-972800	-2796800	691.684997559
-851200	-2796800	688.154052734
-729600	-2796800	683.450256348
-608000	-2796800	694.90032959
-486400	-2796800	697.770935059
-364800	-2796800	691.446166992
-243200	-2796800	701.932434082
-121600	-2796800	704.321594238
0	-2796800	709.349731445
121600	-2796800	708.97644043
243200	-2796800	717.584594727
364800	-2796800	743.608886719
486400	-2796800	783.199890137
608000	-2796800	816.678710938
729600	-2796800	832.212341309
851200	-2796800	836.799926758
972800	-2796800	835.235595703
1094400	-2796800	857.606018066
1216000	-2796800	896.378845215
1337600	-2796800	935.530151367
1459200	-2796800	976.098083496
1580800	-2796800	1027.87475586
1702400	-2796800	1045.9107666
1824000	-2796800	1031.82751465
1945600	-2796800	1016.5166626
2067200	-2796800	1024.49621582
2188800	-2796800	1028.31030273
2310400	-2796800	1016.0012207
2432000	-2796800	999.217529297
2553600	-2796800	978.222351074
2675200	-2796800	970.331420898
2796800	-2796800	953.044250488
2918400	-2796800	940.650085449
3040000	-2796800	946.707336426
-3040000	-2918400	1002.17108154
-2918400	-2918400	963.130371094
-2796800	-2918400	919.252441406
-2675200	-2918400	885.012817383
-2553600	-2918400	833.45098877
-2432000	-2918400	771.165344238
-2310400	-2918400	739.881103516
-2188800	-2918400	736.393920898
-2067200	-2918400	747.646850586
-1945600	-2918400	758.844665527
-1824000	-2918400	750.261901855
-1702400	-2918400	748.54107666
-1580800	-2918400	737.357666016
-1459200	-2918400	709.030761719
-1337600	-2918400	679.417480469
-1216000	-2918400	676.717285156
-1094400	-2918400	685.572998047
-972800	-2918400	694.60333252
-851200	-2918400	707.834533691
-729600	-2918400	711.066467285
-608000	-2918400	714.327758789
-486400	-2918400	714.169433594
-364800	-2918400	701.30255127
-243200	-2918400	697.302490234
-121600	-2918400	708.582336426
0	-2918400	744.781494141
121600	-2918400	765.345031738
243200	-2918400	772.381103516
364800	-2918400	785.817382812
486400	-2918400	808.627075195
608000	-2918400	824.564880371
729600	-2918400	840.436889648
851200	-2918400	852.73034668
972800	-2918400	869.197814941
1094400	-2918400	910.025756836
1216000	-2918400	946.36529541
1337600	-2918400	974.07598877
1459200	-2918400	998.47277832
1580800	-2918400	1031.45336914
1702400	-2918400	1051.53405762
1824000	-2918400	1039.15942383
1945600	-2918400	1023.25054932
2067200	-2918400	1017.16546631
2188800	-2918400	1025.6159668
2310400	-2918400	1022.00646973
2432000	-2918400	1012.52148438
2553600	-2918400	995.243041992
2675200	-2918400	987.747009277
2796800	-2918400	971.356689453
2918400	-2918400	957.596069336
3040000	-2918400	971.11340332
-3040000	-3040000	1060.85632324
-2918400	-3040000	970.087463379
-2796800	-3040000	935.430480957
-2675200	-3040000	907.489074707
-2553600	-3040000	855.422851562
-2432000	-3040000	789.729492188
-2310400	-3040000	753.016357422
-2188800	-3040000	753.253662109
-2067200	-3040000	780.729003906
-1945600	-3040000	803.943481445
-1824000	-3040000	775.39630127
-1702400	-3040000	757.843383789
-1580800	-3040000	748.241149902
-1459200	-3040000	726.599060059
-1337600	-3040000	703.059997559
-1216000	-3040000	698.19128418
-1094400	-3040000	705.866821289
-972800	-3040000	716.001647949
-851200	-3040000	747.268554688
-729600	-3040000	755.587646484
-608000	-3040000	748.673522949
-486400	-3040000	743.049621582
-364800	-3040000	729.102661133
-243200	-3040000	717.416809082
-121600	-3040000	736.328857422
0	-3040000	775.882385254
121600	-3040000	809.455810547
243200	-3040000	811.303466797
364800	-3040000	813.932373047
486400	-3040000	832.506408691
608000	-3040000	842.040344238
729600	-3040000	852.379760742
851200	-3040000	873.747070312
972800	-3040000	896.603088379
1094400	-3040000	940.338806152
1216000	-3040000	965.731323242
1337600	-3040000	990.577758789
1459200	-3040000	1018.21246338
1580800	-3040000	1032.94116211
1702400	-3040000	1042.47119141
1824000	-3040000	1038.08166504
1945600	-3040000	1038.72680664
2067200	-3040000	1035.65991211
2188800	-3040000	1039.19177246
2310400	-3040000	1023.32055664
2432000	-3040000	1004.41400146
2553600	-3040000	994.274291992
2675200	-3040000	993.041748047
2796800	-3040000	983.331359863
2918400	-3040000	973.519958496
3040000	-3040000	1056.77526855
