-3040000	3040000	NaN
-2918400	3040000	NaN
-2796800	3040000	NaN
-2675200	3040000	NaN
-2553600	3040000	NaN
-2432000	3040000	NaN
-2310400	3040000	NaN
-2188800	3040000	NaN
-2067200	3040000	NaN
-1945600	3040000	NaN
-1824000	3040000	NaN
-1702400	3040000	NaN
-1580800	3040000	NaN
-1459200	3040000	NaN
-1337600	3040000	12.6590614319
-1216000	3040000	12.3835353851
-1094400	3040000	12.0306844711
-972800	3040000	11.6027441025
-851200	3040000	11.1026096344
-729600	3040000	10.5376262665
-608000	3040000	9.91665649414
-486400	3040000	9.24667739868
-364800	3040000	8.53812503815
-243200	3040000	7.80541229248
-121600	3040000	7.06516933441
0	3040000	6.34844732285
121600	3040000	5.69675970078
243200	3040000	5.13833045959
364800	3040000	4.73082494736
486400	3040000	4.47698068619
608000	3040000	4.37257432938
729600	3040000	4.42295455933
851200	3040000	4.58845472336
972800	3040000	4.81638336182
1094400	3040000	5.05273962021
1216000	3040000	5.23570537567
1337600	3040000	5.31549024582
1459200	3040000	NaN
1580800	3040000	NaN
1702400	3040000	NaN
1824000	3040000	NaN
1945600	3040000	NaN
2067200	3040000	NaN
2188800	3040000	NaN
2310400	3040000	NaN
2432000	3040000	NaN
2553600	3040000	NaN
2675200	3040000	NaN
2796800	3040000	NaN
2918400	3040000	NaN
3040000	3040000	NaN
-3040000	2918400	NaN
-2918400	2918400	NaN
-2796800	2918400	NaN
-2675200	2918400	NaN
-2553600	2918400	NaN
-2432000	2918400	NaN
-2310400	2918400	NaN
-2188800	2918400	NaN
-2067200	2918400	NaN
-1945600	2918400	NaN
-1824000	2918400	NaN
-1702400	2918400	NaN
-1580800	2918400	13.2592515945
-1459200	2918400	13.1354827881
-1337600	2918400	12.939040184
-1216000	2918400	12.6648921967
-1094400	2918400	12.3119421005
-972800	2918400	11.881234169
-851200	2918400	11.3770046234
-729600	2918400	10.8086309433
-608000	2918400	10.1835212708
-486400	2918400	9.50750637054
-364800	2918400	8.79279327393
-243200	2918400	8.05011367798
-121600	2918400	7.293592453
0	2918400	6.55232906342
121600	2918400	5.87267446518
243200	2918400	5.29224681854
364800	2918400	4.86877059937
486400	2918400	4.61424684525
608000	2918400	4.52763557434
729600	2918400	4.60229825974
851200	2918400	4.79089832306
972800	2918400	5.04461288452
1094400	2918400	5.31395101547
1216000	2918400	5.52807569504
1337600	2918400	5.62537479401
1459200	2918400	5.58203601837
1580800	2918400	5.40924072266
1702400	2918400	NaN
1824000	2918400	NaN
1945600	2918400	NaN
2067200	2918400	NaN
2188800	2918400	NaN
2310400	2918400	NaN
2432000	2918400	NaN
2553600	2918400	NaN
2675200	2918400	NaN
2796800	2918400	NaN
2918400	2918400	NaN
3040000	2918400	NaN
-3040000	2796800	NaN
-2918400	2796800	NaN
-2796800	2796800	NaN
-2675200	2796800	NaN
-2553600	2796800	NaN
-2432000	2796800	NaN
-2310400	2796800	NaN
-2188800	2796800	NaN
-2067200	2796800	NaN
-1945600	2796800	NaN
-1824000	2796800	NaN
-1702400	2796800	13.638584137
-1580800	2796800	13.5952615738
-1459200	2796800	13.484380722
-1337600	2796800	13.2964200974
-1216000	2796800	13.0260601044
-1094400	2796800	12.671587944
-972800	2796800	12.2338943481
-851200	2796800	11.7205400467
-729600	2796800	11.1401863098
-608000	2796800	10.5007419586
-486400	2796800	9.81087398529
-364800	2796800	9.08097267151
-243200	2796800	8.31328487396
-121600	2796800	7.51205205917
0	2796800	6.69957733154
121600	2796800	5.93513774872
243200	2796800	5.29233264923
364800	2796800	4.83218002319
486400	2796800	4.58411312103
608000	2796800	4.5400929451
729600	2796800	4.66654253006
851200	2796800	4.92285203934
972800	2796800	5.26460838318
1094400	2796800	5.62519073486
1216000	2796800	5.91740465164
1337600	2796800	6.06339597702
1459200	2796800	6.02430438995
1580800	2796800	5.81945180893
1702400	2796800	5.49217844009
1824000	2796800	NaN
1945600	2796800	NaN
2067200	2796800	NaN
2188800	2796800	NaN
2310400	2796800	NaN
2432000	2796800	NaN
2553600	2796800	NaN
2675200	2796800	NaN
2796800	2796800	NaN
2918400	2796800	NaN
3040000	2796800	NaN
-3040000	2675200	NaN
-2918400	2675200	NaN
-2796800	2675200	NaN
-2675200	2675200	NaN
-2553600	2675200	NaN
-2432000	2675200	NaN
-2310400	2675200	NaN
-2188800	2675200	NaN
-2067200	2675200	NaN
-1945600	2675200	13.860004425
-1824000	2675200	13.9579381943
-1702400	2675200	14.0098352432
-1580800	2675200	13.9981145859
-1459200	2675200	13.9089794159
-1337600	2675200	13.735285759
-1216000	2675200	13.4726400375
-1094400	2675200	13.1170682907
-972800	2675200	12.670217514
-851200	2675200	12.1381311417
-729600	2675200	11.5344305038
-608000	2675200	10.867606163
-486400	2675200	10.154583931
-364800	2675200	9.40248775482
-243200	2675200	8.60892486572
-121600	2675200	7.75181722641
0	2675200	6.814245224
121600	2675200	5.87405109406
243200	2675200	5.09469509125
364800	2675200	4.59251880646
486400	2675200	4.37912130356
608000	2675200	4.40136003494
729600	2675200	4.60039281845
851200	2675200	4.9637298584
972800	2675200	5.4679017067
1094400	2675200	6.0101890564
1216000	2675200	6.45041561127
1337600	2675200	6.67446708679
1459200	2675200	6.63178300858
1580800	2675200	6.3571472168
1702400	2675200	5.92928123474
1824000	2675200	5.42608356476
1945600	2675200	4.91055345535
2067200	2675200	NaN
2188800	2675200	NaN
2310400	2675200	NaN
2432000	2675200	NaN
2553600	2675200	NaN
2675200	2675200	NaN
2796800	2675200	NaN
2918400	2675200	NaN
3040000	2675200	NaN
-3040000	2553600	NaN
-2918400	2553600	NaN
-2796800	2553600	NaN
-2675200	2553600	NaN
-2553600	2553600	NaN
-2432000	2553600	NaN
-2310400	2553600	NaN
-2188800	2553600	NaN
-2067200	2553600	13.9772510529
-1945600	2553600	14.1988153458
-1824000	2553600	14.3220615387
-1702400	2553600	14.4376602173
-1580800	2553600	14.4710273743
-1459200	2553600	14.4151325226
-1337600	2553600	14.2671546936
-1216000	2553600	14.0172042847
-1094400	2553600	13.6597127914
-972800	2553600	13.1963739395
-851200	2553600	12.6351461411
-729600	2553600	11.9924182892
-608000	2553600	11.2815589905
-486400	2553600	10.5294752121
-364800	2553600	9.75707435608
-243200	2553600	8.96703720093
-121600	2553600	8.08525085449
0	2553600	6.95347833633
121600	2553600	5.63954782486
243200	2553600	4.58936166763
364800	2553600	4.0414557457
486400	2553600	3.94860577583
608000	2553600	4.10503578186
729600	2553600	4.37340497971
851200	2553600	4.8603143692
972800	2553600	5.62737321854
1094400	2553600	6.50781965256
1216000	2553600	7.21616840363
1337600	2553600	7.5473279953
1459200	2553600	7.4631986618
1580800	2553600	7.04675912857
1702400	2553600	6.43735027313
1824000	2553600	5.76715421677
1945600	2553600	5.1284532547
2067200	2553600	4.57007789612
2188800	2553600	NaN
2310400	2553600	NaN
2432000	2553600	NaN
2553600	2553600	NaN
2675200	2553600	NaN
2796800	2553600	NaN
2918400	2553600	NaN
3040000	2553600	NaN
-3040000	2432000	NaN
-2918400	2432000	NaN
-2796800	2432000	NaN
-2675200	2432000	NaN
-2553600	2432000	NaN
-2432000	2432000	NaN
-2310400	2432000	NaN
-2188800	2432000	14.0742444992
-2067200	2432000	14.3000774384
-1945600	2432000	14.5312891006
-1824000	2432000	14.7320575714
-1702400	2432000	14.8729047775
-1580800	2432000	14.9331121445
-1459200	2432000	14.9015989304
-1337600	2432000	14.7714910507
-1216000	2432000	14.52871418
-1094400	2432000	14.1663570404
-972800	2432000	13.6890153885
-851200	2432000	13.1085805893
-729600	2432000	12.4390859604
-608000	2432000	11.7005805969
-486400	2432000	10.9234809875
-364800	2432000	10.1380090714
-243200	2432000	9.37750816345
-121600	2432000	8.59263801575
0	2432000	7.37245130539
121600	2432000	5.58825826645
243200	2432000	4.34510946274
364800	2432000	3.80027723312
486400	2432000	3.885887146
608000	2432000	4.19315099716
729600	2432000	4.39992141724
851200	2432000	4.90085077286
972800	2432000	5.8702454567
1094400	2432000	7.03559160233
1216000	2432000	7.95983600616
1337600	2432000	8.35261535645
1459200	2432000	8.20231819153
1580800	2432000	7.65925168991
1702400	2432000	6.9147310257
1824000	2432000	6.13117599487
1945600	2432000	5.4165263176
2067200	2432000	4.8225402832
2188800	2432000	4.35147285461
2310400	2432000	NaN
2432000	2432000	NaN
2553600	2432000	NaN
2675200	2432000	NaN
2796800	2432000	NaN
2918400	2432000	NaN
3040000	2432000	NaN
-3040000	2310400	NaN
-2918400	2310400	NaN
-2796800	2310400	NaN
-2675200	2310400	NaN
-2553600	2310400	NaN
-2432000	2310400	NaN
-2310400	2310400	14.2690896988
-2188800	2310400	14.4076986313
-2067200	2310400	14.6938180923
-1945600	2310400	14.9552001953
-1824000	2310400	15.1792755127
-1702400	2310400	15.3417634964
-1580800	2310400	15.4249505997
-1459200	2310400	15.4121761322
-1337600	2310400	15.2897424698
-1216000	2310400	15.0481710434
-1094400	2310400	14.6817378998
-972800	2310400	14.1979761124
-851200	2310400	13.6043176651
-729600	2310400	12.9127912521
-608000	2310400	12.1446256638
-486400	2310400	11.3380832672
-364800	2310400	10.5207996368
-243200	2310400	9.72588729858
-121600	2310400	9.46278953552
0	2310400	8.68365764618
121600	2310400	5.1949877739
243200	2310400	4.05726575851
364800	2310400	3.41322302818
486400	2310400	4.02534818649
608000	2310400	4.94382381439
729600	2310400	4.4081325531
851200	2310400	4.74051713943
972800	2310400	6.06707286835
1094400	2310400	7.75899457932
1216000	2310400	9.00900173187
1337600	2310400	9.38725280762
1459200	2310400	9.0603017807
1580800	2310400	8.30827045441
1702400	2310400	7.3835773468
1824000	2310400	6.48494958878
1945600	2310400	5.72143602371
2067200	2310400	5.12754631042
2188800	2310400	4.68710660934
2310400	2310400	4.35410690308
2432000	2310400	NaN
2553600	2310400	NaN
2675200	2310400	NaN
2796800	2310400	NaN
2918400	2310400	NaN
3040000	2310400	NaN
-3040000	2188800	NaN
-2918400	2188800	NaN
-2796800	2188800	NaN
-2675200	2188800	NaN
-2553600	2188800	NaN
-2432000	2188800	14.2817354202
-2310400	2188800	14.4297628403
-2188800	2188800	14.7125482559
-2067200	2188800	15.0775527954
-1945600	2188800	15.3979082108
-1824000	2188800	15.6746387482
-1702400	2188800	15.8850717545
-1580800	2188800	16.0046691895
-1459200	2188800	16.0125045776
-1337600	2188800	15.8992490768
-1216000	2188800	15.6617307663
-1094400	2188800	15.2952136993
-972800	2188800	14.80286026
-851200	2188800	14.188243866
-729600	2188800	13.4580001831
-608000	2188800	12.6238794327
-486400	2188800	11.7369937897
-364800	2188800	11.0123691559
-243200	2188800	9.23975753784
-121600	2188800	9.04124641418
0	2188800	9.80245685577
121600	2188800	0.862574517727
243200	2188800	2.71598768234
364800	2188800	0.775797069073
486400	2188800	2.36892032623
608000	2188800	8.41913700104
729600	2188800	2.89948701859
851200	2188800	3.55305719376
972800	2188800	5.84352779388
1094400	2188800	9.03718757629
1216000	2188800	11.097949028
1337600	2188800	11.1493091583
1459200	2188800	10.3702192307
1580800	2188800	9.16582012177
1702400	2188800	7.84717750549
1824000	2188800	6.71599674225
1945600	2188800	5.87309265137
2067200	2188800	5.30387830734
2188800	2188800	4.94012880325
2310400	2188800	4.69336938858
2432000	2188800	4.49798583984
2553600	2188800	NaN
2675200	2188800	NaN
2796800	2188800	NaN
2918400	2188800	NaN
3040000	2188800	NaN
-3040000	2067200	NaN
-2918400	2067200	NaN
-2796800	2067200	NaN
-2675200	2067200	NaN
-2553600	2067200	14.228307724
-2432000	2067200	14.356751442
-2310400	2067200	14.6346940994
-2188800	2067200	15.0189886093
-2067200	2067200	15.4489345551
-1945600	2067200	15.867556572
-1824000	2067200	16.2315616608
-1702400	2067200	16.5049629211
-1580800	2067200	16.6644859314
-1459200	2067200	16.7005844116
-1337600	2067200	16.6049079895
-1216000	2067200	16.376865387
-1094400	2067200	16.0140018463
-972800	2067200	15.5141849518
-851200	2067200	14.8760175705
-729600	2067200	14.1015386581
-608000	2067200	13.1790313721
-486400	2067200	11.985077858
-364800	2067200	10.5885839462
-243200	2067200	3.0242960453
-121600	2067200	1.1961786747
0	2067200	7.62121915817
121600	2067200	6.54577064514
243200	2067200	24.8327445984
364800	2067200	4.96366643906
486400	2067200	2.86444973946
608000	2067200	0.456901967525
729600	2067200	4.88936567307
851200	2067200	1.24492251873
972800	2067200	4.29483747482
1094400	2067200	11.6412353516
1216000	2067200	15.6695690155
1337600	2067200	13.4956283569
1459200	2067200	12.2206487656
1580800	2067200	10.1472387314
1702400	2067200	8.13792037964
1824000	2067200	6.67919969559
1945600	2067200	5.77942943573
2067200	2067200	5.31002759933
2188800	2067200	5.10183620453
2310400	2067200	5.00690937042
2432000	2067200	4.93017339706
2553600	2067200	4.82645988464
2675200	2067200	NaN
2796800	2067200	NaN
2918400	2067200	NaN
3040000	2067200	NaN
-3040000	1945600	NaN
-2918400	1945600	NaN
-2796800	1945600	NaN
-2675200	1945600	14.0736188889
-2553600	1945600	14.0664358139
-2432000	1945600	14.2797107697
-2310400	1945600	14.6866998672
-2188800	1945600	15.2288131714
-2067200	1945600	15.8221292496
-1945600	1945600	16.3875923157
-1824000	1945600	16.8631305695
-1702400	1945600	17.2113380432
-1580800	1945600	17.4199943542
-1459200	1945600	17.4870662689
-1337600	1945600	17.4116516113
-1216000	1945600	17.1977710724
-1094400	1945600	16.8454761505
-972800	1945600	16.3462772369
-851200	1945600	15.6855344772
-729600	1945600	14.876578331
-608000	1945600	13.9067392349
-486400	1945600	13.1929111481
-364800	1945600	8.2160615921
-243200	1945600	3.06789779663
-121600	1945600	2.61854982376
0	1945600	4.03781509399
121600	1945600	8.03907489777
243200	1945600	10.2153863907
364800	1945600	7.39931249619
486400	1945600	4.96600008011
608000	1945600	4.54173231125
729600	1945600	5.04993391037
851200	1945600	6.13099765778
972800	1945600	0.815652370453
1094400	1945600	5.29173851013
1216000	1945600	22.0370731354
1337600	1945600	16.6557102203
1459200	1945600	15.193362236
1580800	1945600	10.9314031601
1702400	1945600	7.83176469803
1824000	1945600	6.11706018448
1945600	1945600	5.29598474503
2067200	1945600	5.0958108902
2188800	1945600	5.17957353592
2310400	1945600	5.32481431961
2432000	1945600	5.41842651367
2553600	1945600	5.41730213165
2675200	1945600	5.32015800476
2796800	1945600	NaN
2918400	1945600	NaN
3040000	1945600	NaN
-3040000	1824000	NaN
-2918400	1824000	NaN
-2796800	1824000	NaN
-2675200	1824000	13.6679573059
-2553600	1824000	13.6919002533
-2432000	1824000	13.9998111725
-2310400	1824000	14.5871019363
-2188800	1824000	15.3801641464
-2067200	1824000	16.2187786102
-1945600	1824000	16.983423233
-1824000	1824000	17.5932159424
-1702400	1824000	18.0282707214
-1580800	1824000	18.2865390778
-1459200	1824000	18.378030777
-1337600	1824000	18.3180351257
-1216000	1824000	18.1211261749
-1094400	1824000	17.7935504913
-972800	1824000	17.3217506409
-851200	1824000	16.6446666718
-729600	1824000	15.6994943619
-608000	1824000	15.3123435974
-486400	1824000	8.6284160614
-364800	1824000	6.62556171417
-243200	1824000	5.2974281311
-121600	1824000	4.98311805725
0	1824000	5.78288459778
121600	1824000	7.22366333008
243200	1824000	7.87015247345
364800	1824000	7.19997644424
486400	1824000	6.22957324982
608000	1824000	5.81908035278
729600	1824000	5.54767465591
851200	1824000	5.57838869095
972800	1824000	7.10044717789
1094400	1824000	9.83284568787
1216000	1824000	6.82654094696
1337600	1824000	19.2355422974
1459200	1824000	20.2468128204
1580800	1824000	9.71077728271
1702400	1824000	6.27311658859
1824000	1824000	4.71123838425
1945600	1824000	4.22389650345
2067200	1824000	4.66169118881
2188800	1824000	5.23532629013
2310400	1824000	5.71732473373
2432000	1824000	6.0259847641
2553600	1824000	6.13434505463
2675200	1824000	6.07478713989
2796800	1824000	NaN
2918400	1824000	NaN
3040000	1824000	NaN
-3040000	1702400	NaN
-2918400	1702400	NaN
-2796800	1702400	13.2197446823
-2675200	1702400	13.0130329132
-2553600	1702400	13.0428524017
-2432000	1702400	13.4064245224
-2310400	1702400	14.2659473419
-2188800	1702400	15.4777927399
-2067200	1702400	16.6884613037
-1945600	1702400	17.7030506134
-1824000	1702400	18.4673614502
-1702400	1702400	18.9859962463
-1580800	1702400	19.2779140472
-1459200	1702400	19.3754425049
-1337600	1702400	19.3159675598
-1216000	1702400	19.1322441101
-1094400	1702400	18.8459796906
-972800	1702400	18.4625015259
-851200	1702400	17.9382457733
-729600	1702400	16.4707298279
-608000	1702400	16.2749595642
-486400	1702400	5.93277311325
-364800	1702400	4.28011274338
-243200	1702400	5.97012329102
-121600	1702400	6.27620697021
0	1702400	6.64573860168
121600	1702400	7.14872360229
243200	1702400	7.36104726791
364800	1702400	7.15064239502
486400	1702400	6.77702856064
608000	1702400	6.55130720139
729600	1702400	6.56090354919
851200	1702400	6.97521829605
972800	1702400	8.04985618591
1094400	1702400	9.53662872314
1216000	1702400	11.1881093979
1337600	1702400	14.2831954956
1459200	1702400	19.8624229431
1580800	1702400	9.1992483139
1702400	1702400	5.34372472763
1824000	1702400	1.57137000561
1945600	1702400	2.21174907684
2067200	1702400	4.23312139511
2188800	1702400	5.38619804382
2310400	1702400	6.29538822174
2432000	1702400	6.85926246643
2553600	1702400	7.04551124573
2675200	1702400	6.97187042236
2796800	1702400	6.7606921196
2918400	1702400	NaN
3040000	1702400	NaN
-3040000	1580800	NaN
-2918400	1580800	12.5776443481
-2796800	1580800	12.3891925812
-2675200	1580800	12.1318187714
-2553600	1580800	12.0219430923
-2432000	1580800	12.2830753326
-2310400	1580800	13.5505914688
-2188800	1580800	15.5989351273
-2067200	1580800	17.3657608032
-1945600	1580800	18.6434707642
-1824000	1580800	19.5534706116
-1702400	1580800	20.1308917999
-1580800	1580800	20.4172096252
-1459200	1580800	20.4799232483
-1337600	1580800	20.388458252
-1216000	1580800	20.1998806
-1094400	1580800	19.9553070068
-972800	1580800	19.6876068115
-851200	1580800	19.4678001404
-729600	1580800	18.4145393372
-608000	1580800	17.03540802
-486400	1580800	11.7599248886
-364800	1580800	7.3022646904
-243200	1580800	7.41948270798
-121600	1580800	7.35432624817
0	1580800	7.32513189316
121600	1580800	7.3848657608
243200	1580800	7.3881149292
364800	1580800	7.27895307541
486400	1580800	7.13239622116
608000	1580800	7.07771635056
729600	1580800	7.21740293503
851200	1580800	7.6454911232
972800	1580800	8.41599082947
1094400	1580800	9.46593666077
1216000	1580800	10.7214412689
1337600	1580800	11.9516086578
1459200	1580800	12.4878168106
1580800	1580800	9.82902622223
1702400	1580800	6.70780849457
1824000	1580800	3.33164477348
1945600	1580800	3.25307488441
2067200	1580800	4.59997940063
2188800	1580800	5.71889066696
2310400	1580800	7.277323246
2432000	1580800	8.09726047516
2553600	1580800	8.2277097702
2675200	1580800	8.02525234222
2796800	1580800	7.70462369919
2918400	1580800	7.36580371857
3040000	1580800	NaN
-3040000	1459200	NaN
-2918400	1459200	11.8792028427
-2796800	1459200	11.4602546692
-2675200	1459200	11.0861644745
-2553600	1459200	10.6871385574
-2432000	1459200	10.2431354523
-2310400	1459200	11.8057460785
-2188800	1459200	16.2713661194
-2067200	1459200	18.518491745
-1945600	1459200	19.899274826
-1824000	1459200	20.9404830933
-1702400	1459200	21.5278377533
-1580800	1459200	21.7310314178
-1459200	1459200	21.6860218048
-1337600	1459200	21.5065155029
-1216000	1459200	21.2775211334
-1094400	1459200	21.05352211
-972800	1459200	20.869682312
-851200	1459200	20.7669467926
-729600	1459200	21.307926178
-608000	1459200	25.1512527466
-486400	1459200	15.6088018417
-364800	1459200	10.7370586395
-243200	1459200	9.13281154633
-121600	1459200	8.35637664795
0	1459200	7.91194725037
121600	1459200	7.70260477066
243200	1459200	7.57477092743
364800	1459200	7.47160768509
486400	1459200	7.40548849106
608000	1459200	7.42911958694
729600	1459200	7.59978866577
851200	1459200	7.96105194092
972800	1459200	8.52212524414
1094400	1459200	9.23818969727
1216000	1459200	10.0062665939
1337600	1459200	10.6121892929
1459200	1459200	10.6276435852
1580800	1459200	9.7676820755
1702400	1459200	8.63746356964
1824000	1459200	7.97939920425
1945600	1459200	7.88297510147
2067200	1459200	5.19090175629
2188800	1459200	5.37438583374
2310400	1459200	9.39466285706
2432000	1459200	10.0295953751
2553600	1459200	9.72089195251
2675200	1459200	9.19773197174
2796800	1459200	8.68146038055
2918400	1459200	8.24467468262
3040000	1459200	NaN
-3040000	1337600	11.6847696304
-2918400	1337600	11.3356409073
-2796800	1337600	10.6537513733
-2675200	1337600	10.075925827
-2553600	1337600	9.02554607391
-2432000	1337600	5.46959781647
-2310400	1337600	10.4062814713
-2188800	1337600	20.3191432953
-2067200	1337600	20.0574493408
-1945600	1337600	21.4308567047
-1824000	1337600	22.7925128937
-1702400	1337600	23.2721004486
-1580800	1337600	23.2401847839
-1459200	1337600	22.9743347168
-1337600	1337600	22.6230945587
-1216000	1337600	22.3031139374
-1094400	1337600	22.0690422058
-972800	1337600	21.9516372681
-851200	1337600	21.9790782928
-729600	1337600	22.9030075073
-608000	1337600	23.7915859222
-486400	1337600	17.3308563232
-364800	1337600	12.48250103
-243200	1337600	10.1486434937
-121600	1337600	8.99148750305
0	1337600	8.3425579071
121600	1337600	7.97474098206
243200	1337600	7.77074766159
364800	1337600	7.65612459183
486400	1337600	7.61145210266
608000	1337600	7.65428495407
729600	1337600	7.80818891525
851200	1337600	8.08752918243
972800	1337600	8.48443317413
1094400	1337600	8.95921707153
1216000	1337600	9.43546104431
1337600	1337600	9.79882526398
1459200	1337600	9.94068431854
1580800	1337600	9.93487548828
1702400	1337600	10.2017869949
1824000	1337600	11.3997373581
1945600	1337600	14.1414442062
2067200	1337600	16.9622459412
2188800	1337600	13.5128946304
2310400	1337600	14.2184352875
2432000	1337600	12.6874485016
2553600	1337600	11.3728666306
2675200	1337600	10.3618707657
2796800	1337600	9.59524917603
2918400	1337600	9.04160499573
3040000	1337600	8.69026184082
-3040000	1216000	11.532283783
-2918400	1216000	11.1366462708
-2796800	1216000	10.2706727982
-2675200	1216000	9.55052185059
-2553600	1216000	7.97074699402
-2432000	1216000	5.00872945786
-2310400	1216000	1.13539969921
-2188800	1216000	21.1138458252
-2067200	1216000	16.9742355347
-1945600	1216000	24.1854534149
-1824000	1216000	25.6317501068
-1702400	1216000	25.5395679474
-1580800	1216000	24.9648342133
-1459200	1216000	24.3567504883
-1337600	1216000	23.6759319305
-1216000	1216000	23.1871032715
-1094400	1216000	23.0415782928
-972800	1216000	22.8454780579
-851200	1216000	22.898733139
-729600	1216000	22.5934104919
-608000	1216000	18.3369693756
-486400	1216000	14.4222459793
-364800	1216000	11.7722597122
-243200	1216000	10.1440095901
-121600	1216000	9.16088485718
0	1216000	8.55232906342
121600	1216000	8.17821884155
243200	1216000	7.92400932312
364800	1216000	7.80230045319
486400	1216000	7.75941944122
608000	1216000	7.79554891586
729600	1216000	7.91472530365
851200	1216000	8.11525726318
972800	1216000	8.38241958618
1094400	1216000	8.68519687653
1216000	1216000	8.98075675964
1337600	1216000	9.23434448242
1459200	1216000	9.47218227386
1580800	1216000	9.87272930145
1702400	1216000	10.8550052643
1824000	1216000	13.1919937134
1945600	1216000	18.6127033234
2067200	1216000	33.3096313477
2188800	1216000	34.7267837524
2310400	1216000	19.5627784729
2432000	1216000	15.0279273987
2553600	1216000	12.7580738068
2675200	1216000	11.3218975067
2796800	1216000	10.3340187073
2918400	1216000	9.67385292053
3040000	1216000	9.29665565491
-3040000	1094400	11.8037214279
-2918400	1094400	11.4114179611
-2796800	1094400	10.5594291687
-2675200	1094400	9.85810470581
-2553600	1094400	8.42412281036
-2432000	1094400	6.00970888138
-2310400	1094400	1.60481774807
-2188800	1094400	13.0971708298
-2067200	1094400	28.002866745
-1945600	1094400	32.4244270325
-1824000	1094400	28.822473526
-1702400	1094400	28.172794342
-1580800	1094400	26.5803508759
-1459200	1094400	25.7754611969
-1337600	1094400	24.5024356842
-1216000	1094400	23.5377025604
-1094400	1094400	24.1162624359
-972800	1094400	23.8719749451
-851200	1094400	20.9896259308
-729600	1094400	26.2435340881
-608000	1094400	11.6522722244
-486400	1094400	10.292632103
-364800	1094400	10.0479421616
-243200	1094400	9.50934314728
-121600	1094400	8.96263027191
0	1094400	8.54516887665
121600	1094400	8.20909690857
243200	1094400	8.00835323334
364800	1094400	7.89291524887
486400	1094400	7.85058355331
608000	1094400	7.87474346161
729600	1094400	7.96040153503
851200	1094400	8.09819793701
972800	1094400	8.27048778534
1094400	1094400	8.45119476318
1216000	1094400	8.61280822754
1337600	1094400	8.74711894989
1459200	1094400	8.90929603577
1580800	1094400	9.28526973724
1702400	1094400	10.2400913239
1824000	1094400	12.2953929901
1945600	1094400	16.1730709076
2067200	1094400	21.8313102722
2188800	1094400	23.3074226379
2310400	1094400	18.8982372284
2432000	1094400	15.5823526382
2553600	1094400	13.3968200684
2675200	1094400	11.8484945297
2796800	1094400	10.7486305237
2918400	1094400	10.0228557587
3040000	1094400	9.63186359406
-3040000	972800	12.4944581985
-2918400	972800	12.1490297318
-2796800	972800	11.4700555801
-2675200	972800	10.8898029327
-2553600	972800	9.860206604
-2432000	972800	8.31377220154
-2310400	972800	6.21353769302
-2188800	972800	4.03274488449
-2067200	972800	16.2618656158
-1945600	972800	34.9896087646
-1824000	972800	16.7407588959
-1702400	972800	18.2049770355
-1580800	972800	26.4076366425
-1459200	972800	27.9920387268
-1337600	972800	25.2275505066
-1216000	972800	21.85272789
-1094400	972800	25.6354637146
-972800	972800	30.3453578949
-851200	972800	23.826128006
-729600	972800	17.9867649078
-608000	972800	6.04265260696
-486400	972800	6.73783683777
-364800	972800	8.5622844696
-243200	972800	8.84158039093
-121600	972800	8.67829418182
0	972800	8.42007255554
121600	972800	8.19533443451
243200	972800	8.02959823608
364800	972800	7.93737220764
486400	972800	7.90215873718
608000	972800	7.91918945312
729600	972800	7.98041677475
851200	972800	8.07297420502
972800	972800	8.17702484131
1094400	972800	8.26527309418
1216000	972800	8.3062543869
1337600	972800	8.27504444122
1459200	972800	8.18199729919
1580800	972800	8.15208244324
1702400	972800	8.55654525757
1824000	972800	9.60960578918
1945600	972800	10.9918346405
2067200	972800	13.2576131821
2188800	972800	15.2662944794
2310400	972800	16.0643005371
2432000	972800	15.1020975113
2553600	972800	13.4527349472
2675200	972800	11.9481449127
2796800	972800	10.805021286
2918400	972800	10.048584938
3040000	972800	9.65208244324
-3040000	851200	13.5100193024
-2918400	851200	13.2323474884
-2796800	851200	12.8011827469
-2675200	851200	12.3672618866
-2553600	851200	11.7746896744
-2432000	851200	11.2080621719
-2310400	851200	11.2963418961
-2188800	851200	13.9793834686
-2067200	851200	21.1636753082
-1945600	851200	30.2142105103
-1824000	851200	27.1238155365
-1702400	851200	15.6026544571
-1580800	851200	7.93513870239
-1459200	851200	31.3134346008
-1337600	851200	32.7450180054
-1216000	851200	30.882068634
-1094400	851200	29.4271793365
-972800	851200	30.5588493347
-851200	851200	13.7939357758
-729600	851200	18.3603420258
-608000	851200	16.2994289398
-486400	851200	8.11112308502
-364800	851200	8.36940383911
-243200	851200	8.50654125214
-121600	851200	8.44132995605
0	851200	8.30142116547
121600	851200	8.1653547287
243200	851200	8.03359031677
364800	851200	7.94861078262
486400	851200	7.92808246613
608000	851200	7.94643211365
729600	851200	7.99629497528
851200	851200	8.06376266479
972800	851200	8.12733078003
1094400	851200	8.15565395355
1216000	851200	8.10360813141
1337600	851200	7.90489244461
1459200	851200	7.45709371567
1580800	851200	6.61681127548
1702400	851200	5.9502453804
1824000	851200	7.06852149963
1945600	851200	5.11349487305
2067200	851200	5.09746456146
2188800	851200	5.5066819191
2310400	851200	15.8660736084
2432000	851200	15.0775699615
2553600	851200	13.2759876251
2675200	851200	11.6675662994
2796800	851200	10.484828949
2918400	851200	9.72134876251
3040000	851200	9.3293428421
-3040000	729600	14.7036781311
-2918400	729600	14.4955892563
-2796800	729600	14.2981309891
-2675200	729600	13.9712276459
-2553600	729600	13.6716346741
-2432000	729600	13.5907173157
-2310400	729600	14.2751970291
-2188800	729600	18.4369945526
-2067200	729600	12.0328598022
-1945600	729600	2.66819643974
-1824000	729600	27.7644538879
-1702400	729600	34.9884338379
-1580800	729600	20.7332363129
-1459200	729600	0.914356350899
-1337600	729600	25.0063495636
-1216000	729600	26.4839401245
-1094400	729600	27.1391677856
-972800	729600	24.9383659363
-851200	729600	15.5486602783
-729600	729600	3.0930185318
-608000	729600	15.0276079178
-486400	729600	9.6465511322
-364800	729600	8.648645401
-243200	729600	8.41366291046
-121600	729600	8.31131839752
0	729600	8.21817588806
121600	729600	8.0972328186
243200	729600	8.02081203461
364800	729600	7.94624996185
486400	729600	7.94110441208
608000	729600	7.96903896332
729600	729600	8.02209091187
851200	729600	8.08646297455
972800	729600	8.14094924927
1094400	729600	8.15365409851
1216000	729600	8.07278728485
1337600	729600	7.80824899673
1459200	729600	7.15385913849
1580800	729600	5.48396062851
1702400	729600	0.112596429884
1824000	729600	11.4915513992
1945600	729600	17.7185878754
2067200	729600	19.2291221619
2188800	729600	18.929391861
2310400	729600	19.5348491669
2432000	729600	15.6126146317
2553600	729600	12.8015127182
2675200	729600	10.9327077866
2796800	729600	9.75166034698
2918400	729600	9.03129196167
3040000	729600	8.66094303131
-3040000	608000	15.9165678024
-2918400	608000	15.765622139
-2796800	608000	15.7537984848
-2675200	608000	15.4918546677
-2553600	608000	15.3397693634
-2432000	608000	15.3271083832
-2310400	608000	15.2103433609
-2188800	608000	12.9323310852
-2067200	608000	2.27775621414
-1945600	608000	0.411112219095
-1824000	608000	11.8429994583
-1702400	608000	34.9965438843
-1580800	608000	26.8883666992
-1459200	608000	15.361831665
-1337600	608000	24.5591697693
-1216000	608000	28.3119697571
-1094400	608000	26.135679245
-972800	608000	22.8336429596
-851200	608000	19.6640090942
-729600	608000	14.414648056
-608000	608000	11.5308818817
-486400	608000	8.83919239044
-364800	608000	8.43585777283
-243200	608000	8.2848739624
-121600	608000	8.19341087341
0	608000	8.10349941254
121600	608000	8.01166629791
243200	608000	7.98603630066
364800	608000	7.93457221985
486400	608000	7.94805669785
608000	608000	7.99389505386
729600	608000	8.0646944046
851200	608000	8.14796447754
972800	608000	8.22562408447
1094400	608000	8.27179718018
1216000	608000	8.24819469452
1337600	608000	8.07118320465
1459200	608000	7.64652729034
1580800	608000	6.76759576797
1702400	608000	6.03792715073
1824000	608000	8.79521942139
1945600	608000	15.518406868
2067200	608000	8.26873111725
2188800	608000	30.4354686737
2310400	608000	22.0622081757
2432000	608000	15.1257429123
2553600	608000	11.3829259872
2675200	608000	9.53788757324
2796800	608000	8.58324337006
2918400	608000	8.02101707458
3040000	608000	7.70076227188
-3040000	486400	17.0200080872
-2918400	486400	16.9058704376
-2796800	486400	17.0245800018
-2675200	486400	16.818189621
-2553600	486400	16.7973842621
-2432000	486400	16.9670753479
-2310400	486400	17.0812969208
-2188800	486400	16.4210700989
-2067200	486400	15.6646299362
-1945600	486400	16.1402816772
-1824000	486400	22.1751384735
-1702400	486400	18.4660873413
-1580800	486400	24.3522605896
-1459200	486400	12.8658304214
-1337600	486400	24.0800552368
-1216000	486400	26.2947731018
-1094400	486400	25.6856613159
-972800	486400	22.8698234558
-851200	486400	4.71839237213
-729600	486400	12.5291795731
-608000	486400	8.88504695892
-486400	486400	7.527967453
-364800	486400	8.00582790375
-243200	486400	8.14840984344
-121600	486400	8.12580108643
0	486400	8.05205440521
121600	486400	8.00011444092
243200	486400	7.92229890823
364800	486400	7.91548442841
486400	486400	7.95027256012
608000	486400	8.02227687836
729600	486400	8.12428188324
851200	486400	8.24592399597
972800	486400	8.37428855896
1094400	486400	8.4940328598
1216000	486400	8.58563613892
1337600	486400	8.6246471405
1459200	486400	8.62179756165
1580800	486400	8.72797393799
1702400	486400	9.48111343384
1824000	486400	11.649643898
1945600	486400	14.6466703415
2067200	486400	19.1621589661
2188800	486400	34.3149833679
2310400	486400	21.836517334
2432000	486400	11.5767307281
2553600	486400	8.14991474152
2675200	486400	7.37201309204
2796800	486400	7.07709980011
2918400	486400	6.8298125267
3040000	486400	6.58705854416
-3040000	364800	17.9175262451
-2918400	364800	17.8242397308
-2796800	364800	18.0163173676
-2675200	364800	17.8633708954
-2553600	364800	17.9979496002
-2432000	364800	18.53424263
-2310400	364800	19.6300601959
-2188800	364800	21.8042736053
-2067200	364800	26.6258945465
-1945600	364800	35.0671844482
-1824000	364800	35.3708724976
-1702400	364800	34.9801330566
-1580800	364800	28.4319438934
-1459200	364800	2.94496440887
-1337600	364800	23.5470027924
-1216000	364800	20.4102478027
-1094400	364800	3.35401773453
-972800	364800	18.2736492157
-851200	364800	10.1085166931
-729600	364800	9.19737625122
-608000	364800	1.26044034958
-486400	364800	6.85699605942
-364800	364800	7.97448015213
-243200	364800	8.21300029755
-121600	364800	8.17369842529
0	364800	8.03381061554
121600	364800	7.94170379639
243200	364800	7.87942743301
364800	364800	7.88581609726
486400	364800	7.94494390488
608000	364800	8.05083274841
729600	364800	8.19567394257
851200	364800	8.37095069885
972800	364800	8.56883907318
1094400	364800	8.78448295593
1216000	364800	9.02341175079
1337600	364800	9.21736907959
1459200	364800	9.58213615417
1580800	364800	10.2198543549
1702400	364800	11.2725839615
1824000	364800	13.0078229904
1945600	364800	15.3892297745
2067200	364800	18.579908371
2188800	364800	21.3706417084
2310400	364800	16.4485435486
2432000	364800	0.889708936214
2553600	364800	3.33234214783
2675200	364800	4.90853786469
2796800	364800	5.5701918602
2918400	364800	5.71440124512
3040000	364800	5.55603647232
-3040000	243200	18.5494537354
-2918400	243200	18.4605541229
-2796800	243200	18.6688346863
-2675200	243200	18.5469341278
-2553600	243200	18.7786102295
-2432000	243200	19.5603542328
-2310400	243200	21.2595233917
-2188800	243200	24.7871398926
-2067200	243200	32.4617614746
-1945600	243200	34.9860801697
-1824000	243200	34.9877281189
-1702400	243200	35.0154762268
-1580800	243200	34.9778862
-1459200	243200	30.5573425293
-1337600	243200	9.37599086761
-1216000	243200	6.57774734497
-1094400	243200	6.00562763214
-972800	243200	17.339849472
-851200	243200	10.1191673279
-729600	243200	10.1246776581
-608000	243200	8.79514884949
-486400	243200	8.57896232605
-364800	243200	8.66989612579
-243200	243200	8.48743438721
-121600	243200	8.26993560791
0	243200	8.05417823792
121600	243200	7.87726211548
243200	243200	7.81909942627
364800	243200	7.83652114868
486400	243200	7.92498159409
608000	243200	8.0728187561
729600	243200	8.27049160004
851200	243200	8.51049232483
972800	243200	8.78827190399
1094400	243200	9.10461139679
1216000	243200	9.46803188324
1337600	243200	9.88763332367
1459200	243200	10.4978904724
1580800	243200	11.2896604538
1702400	243200	12.3881082535
1824000	243200	13.8250494003
1945600	243200	15.4633836746
2067200	243200	16.8716239929
2188800	243200	16.8273296356
2310400	243200	13.6029958725
2432000	243200	8.76829814911
2553600	243200	4.94763088226
2675200	243200	3.12646389008
2796800	243200	4.56706666946
2918400	243200	4.98169946671
3040000	243200	4.87398910522
-3040000	121600	18.894826889
-2918400	121600	18.7932472229
-2796800	121600	18.9539699554
-2675200	121600	18.8224754333
-2553600	121600	19.0222759247
-2432000	121600	19.7309036255
-2310400	121600	21.252948761
-2188800	121600	24.1882972717
-2067200	121600	29.468919754
-1945600	121600	34.9785385132
-1824000	121600	31.7083148956
-1702400	121600	35.0174713135
-1580800	121600	34.9778900146
-1459200	121600	34.9778900146
-1337600	121600	35.0159606934
-1216000	121600	14.4405040741
-1094400	121600	16.3151016235
-972800	121600	17.8807182312
-851200	121600	16.4319114685
-729600	121600	14.3014125824
-608000	121600	12.2727251053
-486400	121600	10.7349338531
-364800	121600	9.67805862427
-243200	121600	8.90150165558
-121600	121600	8.33712005615
0	121600	8.01814937592
121600	121600	7.79685163498
243200	121600	7.7308678627
364800	121600	7.75273323059
486400	121600	7.88050365448
608000	121600	8.07956886292
729600	121600	8.33915615082
851200	121600	8.65236091614
972800	121600	9.01568508148
1094400	121600	9.43231582642
1216000	121600	9.91506671906
1337600	121600	10.4936666489
1459200	121600	11.2205038071
1580800	121600	12.1265859604
1702400	121600	13.2372379303
1824000	121600	14.5056123734
1945600	121600	15.7323942184
2067200	121600	16.4691486359
2188800	121600	15.9678478241
2310400	121600	13.4467258453
2432000	121600	9.07935810089
2553600	121600	10.614071846
2675200	121600	3.38607597351
2796800	121600	4.48060035706
2918400	121600	4.83111333847
3040000	121600	4.70923376083
-3040000	0	18.9800662994
-2918400	0	18.8481998444
-2796800	0	18.9033508301
-2675200	0	18.7226772308
-2553600	0	18.7658805847
-2432000	0	19.1226615906
-2310400	0	19.9004859924
-2188800	0	21.2447223663
-2067200	0	23.1548156738
-1945600	0	24.5839538574
-1824000	0	11.6953039169
-1702400	0	34.9668998718
-1580800	0	34.9753379822
-1459200	0	34.9778862
-1337600	0	34.9957046509
-1216000	0	35.0303649902
-1094400	0	34.9984550476
-972800	0	28.7835407257
-851200	0	23.0235843658
-729600	0	18.5480537415
-608000	0	15.0997991562
-486400	0	12.4496126175
-364800	0	10.5235357285
-243200	0	9.15793991089
-121600	0	8.30283546448
0	0	7.83065223694
121600	0	7.62058448792
243200	0	7.57739925385
364800	0	7.63799333572
486400	0	7.80460739136
608000	0	8.06142044067
729600	0	8.39193630219
851200	0	8.78646850586
972800	0	9.23958969116
1094400	0	9.75418281555
1216000	0	10.3442716599
1337600	0	11.0364284515
1459200	0	11.8651103973
1580800	0	12.8593177795
1702400	0	14.0254211426
1824000	0	15.3102884293
1945600	0	16.5457172394
2067200	0	17.383102417
2188800	0	17.2521705627
2310400	0	15.4198360443
2432000	0	11.2732000351
2553600	0	6.28545188904
2675200	0	4.85269451141
2796800	0	5.12442827225
2918400	0	5.22517538071
3040000	0	5.04338932037
-3040000	-121600	18.8705024719
-2918400	-121600	18.698841095
-2796800	-121600	18.6199169159
-2675200	-121600	18.3683872223
-2553600	-121600	18.1961326599
-2432000	-121600	18.0921115875
-2310400	-121600	17.9721012115
-2188800	-121600	17.6269950867
-2067200	-121600	16.7086048126
-1945600	-121600	18.1273555756
-1824000	-121600	34.9521560669
-1702400	-121600	34.978477478
-1580800	-121600	34.9644584656
-1459200	-121600	34.9781265259
-1337600	-121600	34.96509552
-1216000	-121600	34.9652366638
-1094400	-121600	34.9644775391
-972800	-121600	35.0322113037
-851200	-121600	28.4819145203
-729600	-121600	21.951171875
-608000	-121600	17.242723465
-486400	-121600	13.5634584427
-364800	-121600	10.8438062668
-243200	-121600	8.97884559631
-121600	-121600	7.93982553482
0	-121600	7.50724601746
121600	-121600	7.35858535767
243200	-121600	7.35287904739
364800	-121600	7.46447563171
486400	-121600	7.68215894699
608000	-121600	8.00539970398
729600	-121600	8.41899776459
851200	-121600	8.90535449982
972800	-121600	9.45358181
1094400	-121600	10.0637998581
1216000	-121600	10.7488546371
1337600	-121600	11.5336837769
1459200	-121600	12.4516677856
1580800	-121600	13.5373029709
1702400	-121600	14.8145837784
1824000	-121600	16.2772254944
1945600	-121600	17.8542289734
2067200	-121600	19.3531417847
2188800	-121600	20.3308296204
2310400	-121600	19.7396621704
2432000	-121600	15.3063201904
2553600	-121600	5.17503929138
2675200	-121600	5.45088577271
2796800	-121600	6.15683364868
2918400	-121600	5.97510290146
3040000	-121600	5.70322418213
-3040000	-243200	18.6521167755
-2918400	-243200	18.4433040619
-2796800	-243200	18.235918045
-2675200	-243200	17.9165458679
-2553600	-243200	17.5500221252
-2432000	-243200	17.0582141876
-2310400	-243200	16.2429542542
-2188800	-243200	14.6462154388
-2067200	-243200	11.0751581192
-1945600	-243200	1.16587007046
-1824000	-243200	18.6994457245
-1702400	-243200	35.1319313049
-1580800	-243200	34.964099884
-1459200	-243200	34.9650764465
-1337600	-243200	34.965259552
-1216000	-243200	34.9653396606
-1094400	-243200	34.9653587341
-972800	-243200	35.0180053711
-851200	-243200	31.4678516388
-729600	-243200	23.8142147064
-608000	-243200	18.1899242401
-486400	-243200	13.8632316589
-364800	-243200	10.4344062805
-243200	-243200	7.98790693283
-121600	-243200	7.03020906448
0	-243200	6.97650814056
121600	-243200	7.05638599396
243200	-243200	7.10283851624
364800	-243200	7.22278881073
486400	-243200	7.48661184311
608000	-243200	7.89374637604
729600	-243200	8.41088008881
851200	-243200	9.00508117676
972800	-243200	9.65663528442
1094400	-243200	10.3616876602
1216000	-243200	11.1320257187
1337600	-243200	11.9936218262
1459200	-243200	12.9847784042
1580800	-243200	14.1537132263
1702400	-243200	15.5573787689
1824000	-243200	17.2675743103
1945600	-243200	19.3580818176
2067200	-243200	21.8957042694
2188800	-243200	24.7405071259
2310400	-243200	27.6971054077
2432000	-243200	26.1144161224
2553600	-243200	9.47123146057
2675200	-243200	7.70044231415
2796800	-243200	7.76126670837
2918400	-243200	6.77067089081
3040000	-243200	6.42093086243
-3040000	-364800	18.4158706665
-2918400	-364800	18.1780281067
-2796800	-364800	17.8726387024
-2675200	-364800	17.5064735413
-2553600	-364800	17.0226554871
-2432000	-364800	16.3257045746
-2310400	-364800	15.2218017578
-2188800	-364800	13.3228816986
-2067200	-364800	9.89719676971
-1945600	-364800	3.30670237541
-1824000	-364800	2.91439676285
-1702400	-364800	24.0486927032
-1580800	-364800	34.99609375
-1459200	-364800	34.9656257629
-1337600	-364800	34.9655418396
-1216000	-364800	34.9654922485
-1094400	-364800	34.962890625
-972800	-364800	35.0180091858
-851200	-364800	31.4688034058
-729600	-364800	23.7917194366
-608000	-364800	18.0046405792
-486400	-364800	13.4254140854
-364800	-364800	9.2897310257
-243200	-364800	5.14106416702
-121600	-364800	5.30617570877
0	-364800	6.47909069061
121600	-364800	6.86349725723
243200	-364800	6.80885457993
364800	-364800	6.85793972015
486400	-364800	7.17558908463
608000	-364800	7.70471715927
729600	-364800	8.36124610901
851200	-364800	9.08751296997
972800	-364800	9.85401248932
1094400	-364800	10.6540470123
1216000	-364800	11.4996395111
1337600	-364800	12.4188575745
1459200	-364800	13.4560222626
1580800	-364800	14.6732959747
1702400	-364800	16.148557663
1824000	-364800	18.0378932953
1945600	-364800	20.58020401
2067200	-364800	24.0542087555
2188800	-364800	29.1177101135
2310400	-364800	34.9993400574
2432000	-364800	35.0542755127
2553600	-364800	16.2778091431
2675200	-364800	6.27955579758
2796800	-364800	7.00190830231
2918400	-364800	7.27460289001
3040000	-364800	7.05842924118
-3040000	-486400	18.2332324982
-2918400	-486400	17.9786758423
-2796800	-486400	17.6155185699
-2675200	-486400	17.2304859161
-2553600	-486400	16.713809967
-2432000	-486400	15.9935340881
-2310400	-486400	14.9600582123
-2188800	-486400	13.457909584
-2067200	-486400	11.3733949661
-1945600	-486400	9.17516994476
-1824000	-486400	13.0733594894
-1702400	-486400	20.7876987457
-1580800	-486400	33.7920684814
-1459200	-486400	34.9660186768
-1337600	-486400	34.9657859802
-1216000	-486400	34.9656219482
-1094400	-486400	35.0141029358
-972800	-486400	35.0183486938
-851200	-486400	28.9542331696
-729600	-486400	22.090051651
-608000	-486400	16.6889457703
-486400	-486400	12.4989700317
-364800	-486400	9.24141979218
-243200	-486400	5.66295433044
-121600	-486400	3.25158953667
0	-486400	6.94625616074
121600	-486400	7.15663909912
243200	-486400	6.35219144821
364800	-486400	6.22276353836
486400	-486400	6.68052911758
608000	-486400	7.42083644867
729600	-486400	8.27431964874
851200	-486400	9.16470718384
972800	-486400	10.0591831207
1094400	-486400	10.9530925751
1216000	-486400	11.8614244461
1337600	-486400	12.8140573502
1459200	-486400	13.8562688828
1580800	-486400	15.057923317
1702400	-486400	16.4652366638
1824000	-486400	18.3353481293
1945600	-486400	20.9074630737
2067200	-486400	24.6575622559
2188800	-486400	30.4688568115
2310400	-486400	35.0338401794
2432000	-486400	34.9772567749
2553600	-486400	29.4086894989
2675200	-486400	5.74687051773
2796800	-486400	7.57969617844
2918400	-486400	7.99779033661
3040000	-486400	7.8996219635
-3040000	-608000	18.1441478729
-2918400	-608000	17.8826904297
-2796800	-608000	17.50182724
-2675200	-608000	17.1227359772
-2553600	-608000	16.6317119598
-2432000	-608000	15.996931076
-2310400	-608000	15.1962251663
-2188800	-608000	14.2482051849
-2067200	-608000	13.361497879
-1945600	-608000	13.2463436127
-1824000	-608000	15.1116027832
-1702400	-608000	18.1816577911
-1580800	-608000	6.54328918457
-1459200	-608000	20.4867725372
-1337600	-608000	34.9653053284
-1216000	-608000	34.973903656
-1094400	-608000	35.0180244446
-972800	-608000	31.3071784973
-851200	-608000	24.8187179565
-729600	-608000	19.0495548248
-608000	-608000	14.2640562057
-486400	-608000	10.6610898972
-364800	-608000	8.56184577942
-243200	-608000	11.7159233093
-121600	-608000	19.818315506
0	-608000	4.32959985733
121600	-608000	8.58960056305
243200	-608000	4.89875411987
364800	-608000	5.04311752319
486400	-608000	5.94587945938
608000	-608000	7.05676651001
729600	-608000	8.17754840851
851200	-608000	9.26501750946
972800	-608000	10.2960681915
1094400	-608000	11.2781410217
1216000	-608000	12.2315540314
1337600	-608000	13.1715774536
1459200	-608000	14.1674995422
1580800	-608000	15.269990921
1702400	-608000	16.5537853241
1824000	-608000	18.1711177826
1945600	-608000	20.3860435486
2067200	-608000	23.6328048706
2188800	-608000	28.3627185822
2310400	-608000	34.3339042664
2432000	-608000	35.0770263672
2553600	-608000	21.5223331451
2675200	-608000	5.05290937424
2796800	-608000	8.71826076508
2918400	-608000	9.36917972565
3040000	-608000	9.27896404266
-3040000	-729600	18.1689548492
-2918400	-729600	17.9063835144
-2796800	-729600	17.5347042084
-2675200	-729600	17.1710147858
-2553600	-729600	16.7317638397
-2432000	-729600	16.2122383118
-2310400	-729600	15.636387825
-2188800	-729600	15.082690239
-2067200	-729600	14.7452974319
-1945600	-729600	14.9502134323
-1824000	-729600	15.8273448944
-1702400	-729600	16.5692882538
-1580800	-729600	14.5007896423
-1459200	-729600	7.06520748138
-1337600	-729600	22.9836654663
-1216000	-729600	29.4526062012
-1094400	-729600	28.7780685425
-972800	-729600	24.927444458
-851200	-729600	20.0274467468
-729600	-729600	15.0659751892
-608000	-729600	10.6627998352
-486400	-729600	7.96217632294
-364800	-729600	8.96755981445
-243200	-729600	20.9787120819
-121600	-729600	19.7767162323
0	-729600	20.9775123596
121600	-729600	26.1526546478
243200	-729600	1.53865253925
364800	-729600	3.30204558372
486400	-729600	5.03350305557
608000	-729600	6.66360855103
729600	-729600	8.13568782806
851200	-729600	9.43819236755
972800	-729600	10.5989723206
1094400	-729600	11.6553583145
1216000	-729600	12.6391944885
1337600	-729600	13.5614566803
1459200	-729600	14.5040559769
1580800	-729600	15.449300766
1702400	-729600	16.4383182526
1824000	-729600	17.5592288971
1945600	-729600	18.999294281
2067200	-729600	21.1285419464
2188800	-729600	24.600358963
2310400	-729600	29.9932384491
2432000	-729600	31.3306903839
2553600	-729600	20.6881122589
2675200	-729600	13.206413269
2796800	-729600	11.7611761093
2918400	-729600	11.4218845367
3040000	-729600	11.1931943893
-3040000	-851200	18.3017559052
-2918400	-851200	18.0474586487
-2796800	-851200	17.7047462463
-2675200	-851200	17.3591594696
-2553600	-851200	16.9725151062
-2432000	-851200	16.5521736145
-2310400	-851200	16.1356658936
-2188800	-851200	15.7951803207
-2067200	-851200	15.6478786469
-1945600	-851200	15.8304901123
-1824000	-851200	16.4327945709
-1702400	-851200	17.6796245575
-1580800	-851200	23.7378578186
-1459200	-851200	2.86876940727
-1337600	-851200	17.346862793
-1216000	-851200	22.8996181488
-1094400	-851200	22.4111938477
-972800	-851200	19.300365448
-851200	-851200	15.1268606186
-729600	-851200	10.5304327011
-608000	-851200	5.28896379471
-486400	-851200	23.6230297089
-364800	-851200	10.7210216522
-243200	-851200	22.9530487061
-121600	-851200	24.1963806152
0	-851200	25.4908428192
121600	-851200	24.4558296204
243200	-851200	19.998796463
364800	-851200	1.57867503166
486400	-851200	4.17090749741
608000	-851200	6.4341301918
729600	-851200	8.26319503784
851200	-851200	9.75416755676
972800	-851200	11.0193719864
1094400	-851200	12.1259384155
1216000	-851200	13.1335935593
1337600	-851200	14.0806674957
1459200	-851200	14.9026250839
1580800	-851200	15.6679925919
1702400	-851200	16.3271713257
1824000	-851200	16.7082309723
1945600	-851200	16.962305069
2067200	-851200	17.2256145477
2188800	-851200	18.2583179474
2310400	-851200	23.8223724365
2432000	-851200	35.242767334
2553600	-851200	21.0633411407
2675200	-851200	16.6150245667
2796800	-851200	14.541844368
2918400	-851200	13.6394033432
3040000	-851200	13.2165470123
-3040000	-972800	18.5240058899
-2918400	-972800	18.281835556
-2796800	-972800	17.9681034088
-2675200	-972800	17.6317272186
-2553600	-972800	17.2769393921
-2432000	-972800	16.9151859283
-2310400	-972800	16.5794715881
-2188800	-972800	16.3210868835
-2067200	-972800	16.2033653259
-1945600	-972800	16.281747818
-1824000	-972800	16.5748786926
-1702400	-972800	17.0315551758
-1580800	-972800	16.431892395
-1459200	-972800	26.0405292511
-1337600	-972800	23.146697998
-1216000	-972800	22.7750854492
-1094400	-972800	18.8777217865
-972800	-972800	15.0777292252
-851200	-972800	10.8121175766
-729600	-972800	6.8549580574
-608000	-972800	2.1857008934
-486400	-972800	8.57114505768
-364800	-972800	16.8691120148
-243200	-972800	22.7063980103
-121600	-972800	25.9778022766
0	-972800	29.1538677216
121600	-972800	28.0611133575
243200	-972800	26.9059448242
364800	-972800	1.98794150352
486400	-972800	3.71798753738
608000	-972800	6.675532341
729600	-972800	8.71848392487
851200	-972800	10.2551317215
972800	-972800	11.5355634689
1094400	-972800	12.6614713669
1216000	-972800	13.6712837219
1337600	-972800	14.6112594604
1459200	-972800	15.4016923904
1580800	-972800	16.0553245544
1702400	-972800	16.3797054291
1824000	-972800	16.1594333649
1945600	-972800	15.1456708908
2067200	-972800	13.119808197
2188800	-972800	9.30608081818
2310400	-972800	7.74872255325
2432000	-972800	14.9144906998
2553600	-972800	18.0942268372
2675200	-972800	17.3685722351
2796800	-972800	16.1538066864
2918400	-972800	15.3308591843
3040000	-972800	14.9060935974
-3040000	-1094400	18.8197917938
-2918400	-1094400	18.5866088867
-2796800	-1094400	18.2990894318
-2675200	-1094400	17.9696407318
-2553600	-1094400	17.6323394775
-2432000	-1094400	17.2993907928
-2310400	-1094400	16.9967308044
-2188800	-1094400	16.7570972443
-2067200	-1094400	16.608007431
-1945600	-1094400	16.5577793121
-1824000	-1094400	16.5566596985
-1702400	-1094400	16.4148540497
-1580800	-1094400	15.6463403702
-1459200	-1094400	13.3496923447
-1337600	-1094400	11.9564981461
-1216000	-1094400	6.29662942886
-1094400	-1094400	16.2445087433
-972800	-1094400	11.2980661392
-851200	-1094400	6.31494951248
-729600	-1094400	3.8637547493
-608000	-1094400	3.76348733902
-486400	-1094400	5.50041294098
-364800	-1094400	12.1259098053
-243200	-1094400	24.6658363342
-121600	-1094400	27.465089798
0	-1094400	27.8976573944
121600	-1094400	28.2110500336
243200	-1094400	26.4264907837
364800	-1094400	17.7989959717
486400	-1094400	4.49866771698
608000	-1094400	7.81924247742
729600	-1094400	9.62774562836
851200	-1094400	10.9648475647
972800	-1094400	12.1441860199
1094400	-1094400	13.2529478073
1216000	-1094400	14.2077550888
1337600	-1094400	15.1888475418
1459200	-1094400	16.0612697601
1580800	-1094400	16.7544269562
1702400	-1094400	17.0364608765
1824000	-1094400	16.4318389893
1945600	-1094400	14.3429841995
2067200	-1094400	10.3138065338
2188800	-1094400	5.0459895134
2310400	-1094400	8.44270515442
2432000	-1094400	16.9761066437
2553600	-1094400	18.5659179688
2675200	-1094400	18.1682052612
2796800	-1094400	17.3213291168
2918400	-1094400	16.6254730225
3040000	-1094400	16.2281131744
-3040000	-1216000	19.175573349
-2918400	-1216000	18.9463424683
-2796800	-1216000	18.6757678986
-2675200	-1216000	18.350479126
-2553600	-1216000	18.021490097
-2432000	-1216000	17.6988964081
-2310400	-1216000	17.4043693542
-2188800	-1216000	17.1545715332
-2067200	-1216000	16.9601039886
-1945600	-1216000	16.8139343262
-1824000	-1216000	16.6684818268
-1702400	-1216000	16.4218978882
-1580800	-1216000	15.9594898224
-1459200	-1216000	15.403421402
-1337600	-1216000	15.3946332932
-1216000	-1216000	22.7424888611
-1094400	-1216000	35.0948448181
-972800	-1216000	1.96060490608
-851200	-1216000	4.43197011948
-729600	-1216000	11.5146150589
-608000	-1216000	13.3833990097
-486400	-1216000	2.98774600029
-364800	-1216000	14.5763025284
-243200	-1216000	19.3720169067
-121600	-1216000	24.3789081573
0	-1216000	25.6163864136
121600	-1216000	24.7617206573
243200	-1216000	26.6537799835
364800	-1216000	9.68271350861
486400	-1216000	8.93160820007
608000	-1216000	10.1841688156
729600	-1216000	10.8814411163
851200	-1216000	11.7008199692
972800	-1216000	12.7203865051
1094400	-1216000	13.7769231796
1216000	-1216000	14.8153476715
1337600	-1216000	15.8452987671
1459200	-1216000	16.8667449951
1580800	-1216000	17.814250946
1702400	-1216000	18.5654678345
1824000	-1216000	18.2108669281
1945600	-1216000	15.5980863571
2067200	-1216000	9.3870639801
2188800	-1216000	35.3418197632
2310400	-1216000	35.0317268372
2432000	-1216000	23.853225708
2553600	-1216000	20.7491359711
2675200	-1216000	19.3025970459
2796800	-1216000	18.3075561523
2918400	-1216000	17.623626709
3040000	-1216000	17.2394275665
-3040000	-1337600	19.5724639893
-2918400	-1337600	19.3479003906
-2796800	-1337600	19.0879802704
-2675200	-1337600	18.7628479004
-2553600	-1337600	18.4340553284
-2432000	-1337600	18.1130104065
-2310400	-1337600	17.815158844
-2188800	-1337600	17.5463275909
-2067200	-1337600	17.3124313354
-1945600	-1337600	17.1112346649
-1824000	-1337600	16.9211158752
-1702400	-1337600	16.7186794281
-1580800	-1337600	16.5433197021
-1459200	-1337600	16.6107292175
-1337600	-1337600	17.5104846954
-1216000	-1337600	19.8479251862
-1094400	-1337600	20.3424072266
-972800	-1337600	15.6468725204
-851200	-1337600	16.8651638031
-729600	-1337600	13.5698490143
-608000	-1337600	15.872209549
-486400	-1337600	12.3009967804
-364800	-1337600	14.173995018
-243200	-1337600	17.0254707336
-121600	-1337600	20.7839374542
0	-1337600	19.2675590515
121600	-1337600	21.0912036896
243200	-1337600	17.7851390839
364800	-1337600	14.6145677567
486400	-1337600	16.3321380615
608000	-1337600	12.6442623138
729600	-1337600	11.7676753998
851200	-1337600	12.3218450546
972800	-1337600	13.2742700577
1094400	-1337600	14.3027362823
1216000	-1337600	15.3496370316
1337600	-1337600	16.4400787354
1459200	-1337600	17.6303882599
1580800	-1337600	19.0546092987
1702400	-1337600	20.7609672546
1824000	-1337600	22.2625980377
1945600	-1337600	20.7458629608
2067200	-1337600	12.399813652
2188800	-1337600	8.71316051483
2310400	-1337600	32.8503646851
2432000	-1337600	25.5679073334
2553600	-1337600	21.9367790222
2675200	-1337600	20.1255817413
2796800	-1337600	19.040851593
2918400	-1337600	18.3566799164
3040000	-1337600	17.9806442261
-3040000	-1459200	NaN
-2918400	-1459200	19.7744960785
-2796800	-1459200	19.5246067047
-2675200	-1459200	19.19921875
-2553600	-1459200	18.8696060181
-2432000	-1459200	18.5476589203
-2310400	-1459200	18.2392654419
-2188800	-1459200	17.9477329254
-2067200	-1459200	17.6830387115
-1945600	-1459200	17.4488258362
-1824000	-1459200	17.2413330078
-1702400	-1459200	17.0722026825
-1580800	-1459200	16.9981975555
-1459200	-1459200	17.1350212097
-1337600	-1459200	17.6128311157
-1216000	-1459200	18.2117500305
-1094400	-1459200	17.9720439911
-972800	-1459200	16.7837276459
-851200	-1459200	15.9784049988
-729600	-1459200	15.1711978912
-608000	-1459200	14.8932762146
-486400	-1459200	14.4595603943
-364800	-1459200	14.8746757507
-243200	-1459200	15.9186496735
-121600	-1459200	16.6934127808
0	-1459200	15.1275787354
121600	-1459200	11.577167511
243200	-1459200	13.0758647919
364800	-1459200	19.3668823242
486400	-1459200	22.3817214966
608000	-1459200	11.2067995071
729600	-1459200	11.5565290451
851200	-1459200	12.5906305313
972800	-1459200	13.6957187653
1094400	-1459200	14.7645807266
1216000	-1459200	15.7812595367
1337600	-1459200	16.8226947784
1459200	-1459200	18.1033611298
1580800	-1459200	19.9004650116
1702400	-1459200	22.885093689
1824000	-1459200	28.4824714661
1945600	-1459200	34.9536972046
2067200	-1459200	16.5737628937
2188800	-1459200	14.867723465
2310400	-1459200	22.4764442444
2432000	-1459200	23.0395526886
2553600	-1459200	21.6388626099
2675200	-1459200	20.3719577789
2796800	-1459200	19.4557628632
2918400	-1459200	18.8354167938
3040000	-1459200	NaN
-3040000	-1580800	NaN
-2918400	-1580800	20.2211380005
-2796800	-1580800	19.982334137
-2675200	-1580800	19.6581554413
-2553600	-1580800	19.3291378021
-2432000	-1580800	19.0023822784
-2310400	-1580800	18.6789608002
-2188800	-1580800	18.3654575348
-2067200	-1580800	18.0736637115
-1945600	-1580800	17.8117694855
-1824000	-1580800	17.5838508606
-1702400	-1580800	17.4060497284
-1580800	-1580800	17.3108654022
-1459200	-1580800	17.3335952759
-1337600	-1580800	17.4586029053
-1216000	-1580800	17.5190582275
-1094400	-1580800	17.2539577484
-972800	-1580800	16.673500061
-851200	-1580800	16.0478801727
-729600	-1580800	15.5006752014
-608000	-1580800	15.1075296402
-486400	-1580800	14.8598327637
-364800	-1580800	14.8671474457
-243200	-1580800	15.0140047073
-121600	-1580800	14.8386468887
0	-1580800	13.9208116531
121600	-1580800	12.9904909134
243200	-1580800	13.8482866287
364800	-1580800	16.2802124023
486400	-1580800	2.44982218742
608000	-1580800	7.54035282135
729600	-1580800	10.9258670807
851200	-1580800	12.7521457672
972800	-1580800	14.1455783844
1094400	-1580800	15.2410831451
1216000	-1580800	16.0940723419
1337600	-1580800	16.9143047333
1459200	-1580800	18.0047225952
1580800	-1580800	19.646320343
1702400	-1580800	22.4826316833
1824000	-1580800	29.3323059082
1945600	-1580800	35.083152771
2067200	-1580800	35.1658058167
2188800	-1580800	19.688249588
2310400	-1580800	21.0226993561
2432000	-1580800	21.5102939606
2553600	-1580800	21.0345630646
2675200	-1580800	20.2992954254
2796800	-1580800	19.6287059784
2918400	-1580800	19.1122131348
3040000	-1580800	NaN
-3040000	-1702400	NaN
-2918400	-1702400	NaN
-2796800	-1702400	20.4558124542
-2675200	-1702400	20.1326141357
-2553600	-1702400	19.801322937
-2432000	-1702400	19.4667110443
-2310400	-1702400	19.1298179626
-2188800	-1702400	18.7980175018
-2067200	-1702400	18.4818305969
-1945600	-1702400	18.1912460327
-1824000	-1702400	17.9337844849
-1702400	-1702400	17.7217655182
-1580800	-1702400	17.5646476746
-1459200	-1702400	17.4652042389
-1337600	-1702400	17.3916625977
-1216000	-1702400	17.2621803284
-1094400	-1702400	16.9862880707
-972800	-1702400	16.5671024323
-851200	-1702400	16.0966014862
-729600	-1702400	15.6462011337
-608000	-1702400	15.2622156143
-486400	-1702400	14.9549732208
-364800	-1702400	14.7130498886
-243200	-1702400	14.431429863
-121600	-1702400	13.9171237946
0	-1702400	13.1079082489
121600	-1702400	12.1483135223
243200	-1702400	12.0856056213
364800	-1702400	15.4898872375
486400	-1702400	2.74106097221
608000	-1702400	8.74359130859
729600	-1702400	11.3114833832
851200	-1702400	13.1990146637
972800	-1702400	14.8497037888
1094400	-1702400	15.9289045334
1216000	-1702400	16.3962783813
1337600	-1702400	16.6498966217
1459200	-1702400	17.2762336731
1580800	-1702400	18.3949394226
1702400	-1702400	18.9748325348
1824000	-1702400	19.6774654388
1945600	-1702400	23.7839488983
2067200	-1702400	25.7241458893
2188800	-1702400	22.4195041656
2310400	-1702400	21.2323379517
2432000	-1702400	20.9823951721
2553600	-1702400	20.6452960968
2675200	-1702400	20.1743907928
2796800	-1702400	19.6895751953
2918400	-1702400	NaN
3040000	-1702400	NaN
-3040000	-1824000	NaN
-2918400	-1824000	NaN
-2796800	-1824000	NaN
-2675200	-1824000	20.6123886108
-2553600	-1824000	20.2783432007
-2432000	-1824000	19.9367713928
-2310400	-1824000	19.5884094238
-2188800	-1824000	19.2413787842
-2067200	-1824000	18.9034385681
-1945600	-1824000	18.5850944519
-1824000	-1824000	18.2943115234
-1702400	-1824000	18.0380649567
-1580800	-1824000	17.8184642792
-1459200	-1824000	17.6256370544
-1337600	-1824000	17.4370384216
-1216000	-1824000	17.2160110474
-1094400	-1824000	16.9260215759
-972800	-1824000	16.5631427765
-851200	-1824000	16.1602725983
-729600	-1824000	15.7521038055
-608000	-1824000	15.3621301651
-486400	-1824000	14.9852104187
-364800	-1824000	14.5937309265
-243200	-1824000	14.1093835831
-121600	-1824000	13.4112005234
0	-1824000	12.3778829575
121600	-1824000	10.7404966354
243200	-1824000	7.84915876389
364800	-1824000	1.51072382927
486400	-1824000	10.7689247131
608000	-1824000	13.5894298553
729600	-1824000	11.7488498688
851200	-1824000	13.8059329987
972800	-1824000	16.1438884735
1094400	-1824000	17.2572002411
1216000	-1824000	16.8920459747
1337600	-1824000	15.9039554596
1459200	-1824000	15.7238388062
1580800	-1824000	17.7934417725
1702400	-1824000	16.441576004
1824000	-1824000	4.72419834137
1945600	-1824000	15.8440389633
2067200	-1824000	20.5356082916
2188800	-1824000	21.1613445282
2310400	-1824000	20.9312705994
2432000	-1824000	20.7037162781
2553600	-1824000	20.4372196198
2675200	-1824000	20.0999526978
2796800	-1824000	NaN
2918400	-1824000	NaN
3040000	-1824000	NaN
-3040000	-1945600	NaN
-2918400	-1945600	NaN
-2796800	-1945600	NaN
-2675200	-1945600	21.092048645
-2553600	-1945600	20.755027771
-2432000	-1945600	20.4068603516
-2310400	-1945600	20.0493011475
-2188800	-1945600	19.6900978088
-2067200	-1945600	19.3348865509
-1945600	-1945600	18.9925041199
-1824000	-1945600	18.6693286896
-1702400	-1945600	18.3692131042
-1580800	-1945600	18.0954341888
-1459200	-1945600	17.838300705
-1337600	-1945600	17.5801887512
-1216000	-1945600	17.3045120239
-1094400	-1945600	16.9941730499
-972800	-1945600	16.6463260651
-851200	-1945600	16.2690811157
-729600	-1945600	15.876326561
-608000	-1945600	15.4755735397
-486400	-1945600	15.0543699265
-364800	-1945600	14.5880584717
-243200	-1945600	14.0216522217
-121600	-1945600	13.2581291199
0	-1945600	12.1595811844
121600	-1945600	10.3040361404
243200	-1945600	6.82191991806
364800	-1945600	5.33760309219
486400	-1945600	27.0040416718
608000	-1945600	19.4001789093
729600	-1945600	8.35850048065
851200	-1945600	14.5141601562
972800	-1945600	18.8746509552
1094400	-1945600	20.3921108246
1216000	-1945600	17.3046970367
1337600	-1945600	16.0775623322
1459200	-1945600	8.9043006897
1580800	-1945600	20.2299900055
1702400	-1945600	20.1080589294
1824000	-1945600	14.3029165268
1945600	-1945600	16.9408130646
2067200	-1945600	19.2552509308
2188800	-1945600	20.2819671631
2310400	-1945600	20.5465946198
2432000	-1945600	20.5136528015
2553600	-1945600	20.3463859558
2675200	-1945600	20.0979537964
2796800	-1945600	NaN
2918400	-1945600	NaN
3040000	-1945600	NaN
-3040000	-2067200	NaN
-2918400	-2067200	NaN
-2796800	-2067200	NaN
-2675200	-2067200	NaN
-2553600	-2067200	21.2260780334
-2432000	-2067200	20.8720149994
-2310400	-2067200	20.5066547394
-2188800	-2067200	20.136346817
-2067200	-2067200	19.7661418915
-1945600	-2067200	19.4044246674
-1824000	-2067200	19.0558052063
-1702400	-2067200	18.7215576172
-1580800	-2067200	18.4038333893
-1459200	-2067200	18.1005172729
-1337600	-2067200	17.7994537354
-1216000	-2067200	17.4884243011
-1094400	-2067200	17.1592617035
-972800	-2067200	16.8082828522
-851200	-2067200	16.4370727539
-729600	-2067200	16.0480823517
-608000	-2067200	15.6391773224
-486400	-2067200	15.2021427155
-364800	-2067200	14.7151727676
-243200	-2067200	14.1458320618
-121600	-2067200	13.4396715164
0	-2067200	12.5240831375
121600	-2067200	11.2202119827
243200	-2067200	9.70626068115
364800	-2067200	9.03343105316
486400	-2067200	15.4580726624
608000	-2067200	27.5689811707
729600	-2067200	7.31539583206
851200	-2067200	15.8809747696
972800	-2067200	35.367603302
1094400	-2067200	34.9032516479
1216000	-2067200	23.8448886871
1337600	-2067200	24.995016098
1459200	-2067200	22.6270294189
1580800	-2067200	20.6748142242
1702400	-2067200	20.1167430878
1824000	-2067200	18.4577598572
1945600	-2067200	18.5737323761
2067200	-2067200	19.4585704803
2188800	-2067200	20.1179523468
2310400	-2067200	20.4142303467
2432000	-2067200	20.4639434814
2553600	-2067200	20.3624362946
2675200	-2067200	NaN
2796800	-2067200	NaN
2918400	-2067200	NaN
3040000	-2067200	NaN
-3040000	-2188800	NaN
-2918400	-2188800	NaN
-2796800	-2188800	NaN
-2675200	-2188800	NaN
-2553600	-2188800	NaN
-2432000	-2188800	21.3292350769
-2310400	-2188800	20.9579944611
-2188800	-2188800	20.5782566071
-2067200	-2188800	20.1967735291
-1945600	-2188800	19.8196773529
-1824000	-2188800	19.4505443573
-1702400	-2188800	19.0916862488
-1580800	-2188800	18.74376297
-1459200	-2188800	18.4066143036
-1337600	-2188800	18.0755596161
-1216000	-2188800	17.7414093018
-1094400	-2188800	17.3967037201
-972800	-2188800	17.0395240784
-851200	-2188800	16.6679077148
-729600	-2188800	16.2788658142
-608000	-2188800	15.866394043
-486400	-2188800	15.4281072617
-364800	-2188800	14.953207016
-243200	-2188800	14.4283857346
-121600	-2188800	13.8432350159
0	-2188800	13.2066755295
121600	-2188800	12.5566577911
243200	-2188800	12.2614612579
364800	-2188800	13.035943985
486400	-2188800	15.9867649078
608000	-2188800	18.2788295746
729600	-2188800	16.7823219299
851200	-2188800	20.439163208
972800	-2188800	22.5412540436
1094400	-2188800	22.2990093231
1216000	-2188800	22.7995738983
1337600	-2188800	21.7718372345
1459200	-2188800	20.6375999451
1580800	-2188800	20.6320266724
1702400	-2188800	20.3289203644
1824000	-2188800	19.8234100342
1945600	-2188800	19.7329292297
2067200	-2188800	20.0173816681
2188800	-2188800	20.3405303955
2310400	-2188800	20.5332984924
2432000	-2188800	20.5731544495
2553600	-2188800	NaN
2675200	-2188800	NaN
2796800	-2188800	NaN
2918400	-2188800	NaN
3040000	-2188800	NaN
-3040000	-2310400	NaN
-2918400	-2310400	NaN
-2796800	-2310400	NaN
-2675200	-2310400	NaN
-2553600	-2310400	NaN
-2432000	-2310400	NaN
-2310400	-2310400	21.4015331268
-2188800	-2310400	21.0156517029
-2067200	-2310400	20.6255512238
-1945600	-2310400	20.2368831635
-1824000	-2310400	19.8542766571
-1702400	-2310400	19.4784946442
-1580800	-2310400	19.1105537415
-1459200	-2310400	18.7512702942
-1337600	-2310400	18.3994960785
-1216000	-2310400	18.0487804413
-1094400	-2310400	17.6945343018
-972800	-2310400	17.3319911957
-851200	-2310400	16.9580287933
-729600	-2310400	16.5679321289
-608000	-2310400	16.1571521759
-486400	-2310400	15.7256422043
-364800	-2310400	15.2727680206
-243200	-2310400	14.8031606674
-121600	-2310400	14.3378295898
0	-2310400	13.9292507172
121600	-2310400	13.6811380386
243200	-2310400	13.858628273
364800	-2310400	14.7194881439
486400	-2310400	16.255115509
608000	-2310400	17.6522865295
729600	-2310400	18.638420105
851200	-2310400	20.1266555786
972800	-2310400	21.3084449768
1094400	-2310400	21.9166946411
1216000	-2310400	22.1713790894
1337600	-2310400	21.857629776
1459200	-2310400	21.3965854645
1580800	-2310400	21.0945625305
1702400	-2310400	20.8274784088
1824000	-2310400	20.5780677795
1945600	-2310400	20.4841270447
2067200	-2310400	20.5698318481
2188800	-2310400	20.7216472626
2310400	-2310400	20.8269615173
2432000	-2310400	NaN
2553600	-2310400	NaN
2675200	-2310400	NaN
2796800	-2310400	NaN
2918400	-2310400	NaN
3040000	-2310400	NaN
-3040000	-2432000	NaN
-2918400	-2432000	NaN
-2796800	-2432000	NaN
-2675200	-2432000	NaN
-2553600	-2432000	NaN
-2432000	-2432000	NaN
-2310400	-2432000	NaN
-2188800	-2432000	21.4454994202
-2067200	-2432000	21.0505981445
-1945600	-2432000	20.6546020508
-1824000	-2432000	20.2635669708
-1702400	-2432000	19.8792495728
-1580800	-2432000	19.5013828278
-1459200	-2432000	19.1303520203
-1337600	-2432000	18.7676868439
-1216000	-2432000	18.4071655273
-1094400	-2432000	18.0459651947
-972800	-2432000	17.6797466278
-851200	-2432000	17.3041725159
-729600	-2432000	16.9147624969
-608000	-2432000	16.5084953308
-486400	-2432000	16.0850944519
-364800	-2432000	15.6489171982
-243200	-2432000	15.2147140503
-121600	-2432000	14.8177566528
0	-2432000	14.5300951004
121600	-2432000	14.4492750168
243200	-2432000	14.7605333328
364800	-2432000	15.5440301895
486400	-2432000	16.7023944855
608000	-2432000	17.9432201385
729600	-2432000	19.1254997253
851200	-2432000	20.3262863159
972800	-2432000	21.3219661713
1094400	-2432000	21.955783844
1216000	-2432000	22.2073497772
1337600	-2432000	22.112159729
1459200	-2432000	21.840555191
1580800	-2432000	21.5597915649
1702400	-2432000	21.316034317
1824000	-2432000	21.1268100739
1945600	-2432000	21.0319328308
2067200	-2432000	21.0553913116
2188800	-2432000	21.1420040131
2310400	-2432000	NaN
2432000	-2432000	NaN
2553600	-2432000	NaN
2675200	-2432000	NaN
2796800	-2432000	NaN
2918400	-2432000	NaN
3040000	-2432000	NaN
-3040000	-2553600	NaN
-2918400	-2553600	NaN
-2796800	-2553600	NaN
-2675200	-2553600	NaN
-2553600	-2553600	NaN
-2432000	-2553600	NaN
-2310400	-2553600	NaN
-2188800	-2553600	NaN
-2067200	-2553600	21.3657741547
-1945600	-2553600	20.9761333466
-1824000	-2553600	20.5898895264
-1702400	-2553600	20.2093734741
-1580800	-2553600	19.833032608
-1459200	-2553600	19.4625663757
-1337600	-2553600	19.0977363586
-1216000	-2553600	18.7345752716
-1094400	-2553600	18.3700637817
-972800	-2553600	18.0025253296
-851200	-2553600	17.6292915344
-729600	-2553600	17.2486934662
-608000	-2553600	16.8618297577
-486400	-2553600	16.4707889557
-364800	-2553600	16.0845851898
-243200	-2553600	15.7224283218
-121600	-2553600	15.4214096069
0	-2553600	15.2429742813
121600	-2553600	15.274889946
243200	-2553600	15.6097688675
364800	-2553600	16.2860946655
486400	-2553600	17.2325534821
608000	-2553600	18.2950382233
729600	-2553600	19.3662700653
851200	-2553600	20.38372612
972800	-2553600	21.2351398468
1094400	-2553600	21.8212184906
1216000	-2553600	22.1064929962
1337600	-2553600	22.1315345764
1459200	-2553600	21.9965705872
1580800	-2553600	21.8102645874
1702400	-2553600	21.6415672302
1824000	-2553600	21.5031776428
1945600	-2553600	21.4254570007
2067200	-2553600	21.4197368622
2188800	-2553600	NaN
2310400	-2553600	NaN
2432000	-2553600	NaN
2553600	-2553600	NaN
2675200	-2553600	NaN
2796800	-2553600	NaN
2918400	-2553600	NaN
3040000	-2553600	NaN
-3040000	-2675200	NaN
-2918400	-2675200	NaN
-2796800	-2675200	NaN
-2675200	-2675200	NaN
-2553600	-2675200	NaN
-2432000	-2675200	NaN
-2310400	-2675200	NaN
-2188800	-2675200	NaN
-2067200	-2675200	NaN
-1945600	-2675200	21.2056159973
-1824000	-2675200	20.8267745972
-1702400	-2675200	20.4502029419
-1580800	-2675200	20.0769939423
-1459200	-2675200	19.7064361572
-1337600	-2675200	19.3395137787
-1216000	-2675200	18.9756965637
-1094400	-2675200	18.6127929688
-972800	-2675200	18.2498435974
-851200	-2675200	17.8867111206
-729600	-2675200	17.52592659
-608000	-2675200	17.1713867188
-486400	-2675200	16.829668045
-364800	-2675200	16.5139465332
-243200	-2675200	16.2460784912
-121600	-2675200	16.0590724945
0	-2675200	15.9983673096
121600	-2675200	16.1157150269
243200	-2675200	16.4517250061
364800	-2675200	17.0137844086
486400	-2675200	17.7589473724
608000	-2675200	18.6076908112
729600	-2675200	19.4805240631
851200	-2675200	20.3030052185
972800	-2675200	21.003944397
1094400	-2675200	21.5270347595
1216000	-2675200	21.8474235535
1337600	-2675200	21.9829654694
1459200	-2675200	21.9828834534
1580800	-2675200	21.9149208069
1702400	-2675200	21.8397579193
1824000	-2675200	21.7599201202
1945600	-2675200	21.6952514648
2067200	-2675200	NaN
2188800	-2675200	NaN
2310400	-2675200	NaN
2432000	-2675200	NaN
2553600	-2675200	NaN
2675200	-2675200	NaN
2796800	-2675200	NaN
2918400	-2675200	NaN
3040000	-2675200	NaN
-3040000	-2796800	NaN
-2918400	-2796800	NaN
-2796800	-2796800	NaN
-2675200	-2796800	NaN
-2553600	-2796800	NaN
-2432000	-2796800	NaN
-2310400	-2796800	NaN
-2188800	-2796800	NaN
-2067200	-2796800	NaN
-1945600	-2796800	NaN
-1824000	-2796800	NaN
-1702400	-2796800	20.6890220642
-1580800	-2796800	20.317401886
-1459200	-2796800	19.9484767914
-1337600	-2796800	19.5818119049
-1216000	-2796800	19.2176017761
-1094400	-2796800	18.8561725616
-972800	-2796800	18.4983081818
-851200	-2796800	18.1453590393
-729600	-2796800	17.8005237579
-608000	-2796800	17.4704189301
-486400	-2796800	17.1648693085
-364800	-2796800	16.8991336823
-243200	-2796800	16.6945266724
-121600	-2796800	16.5773925781
0	-2796800	16.5803146362
121600	-2796800	16.734872818
243200	-2796800	17.0606422424
364800	-2796800	17.5540428162
486400	-2796800	18.1846446991
608000	-2796800	18.9012737274
729600	-2796800	19.6434593201
851200	-2796800	20.3492126465
972800	-2796800	20.962097168
1094400	-2796800	21.4424057007
1216000	-2796800	21.7736778259
1337600	-2796800	21.9644737244
1459200	-2796800	22.0405235291
1580800	-2796800	22.0478172302
1702400	-2796800	22.0216331482
1824000	-2796800	NaN
1945600	-2796800	NaN
2067200	-2796800	NaN
2188800	-2796800	NaN
2310400	-2796800	NaN
2432000	-2796800	NaN
2553600	-2796800	NaN
2675200	-2796800	NaN
2796800	-2796800	NaN
2918400	-2796800	NaN
3040000	-2796800	NaN
-3040000	-2918400	NaN
-2918400	-2918400	NaN
-2796800	-2918400	NaN
-2675200	-2918400	NaN
-2553600	-2918400	NaN
-2432000	-2918400	NaN
-2310400	-2918400	NaN
-2188800	-2918400	NaN
-2067200	-2918400	NaN
-1945600	-2918400	NaN
-1824000	-2918400	NaN
-1702400	-2918400	NaN
-1580800	-2918400	20.5574321747
-1459200	-2918400	20.1895675659
-1337600	-2918400	19.8231220245
-1216000	-2918400	19.4594097137
-1094400	-2918400	19.0998916626
-972800	-2918400	18.7450962067
-851200	-2918400	18.397693634
-729600	-2918400	18.0632705688
-608000	-2918400	17.7485790253
-486400	-2918400	17.4644737244
-364800	-2918400	17.2270507812
-243200	-2918400	17.0561828613
-121600	-2918400	16.9755783081
0	-2918400	17.0101261139
121600	-2918400	17.1805763245
243200	-2918400	17.4988880157
364800	-2918400	17.9559440613
486400	-2918400	18.5274753571
608000	-2918400	19.1725444794
729600	-2918400	19.8420352936
851200	-2918400	20.4839611053
972800	-2918400	21.0523223877
1094400	-2918400	21.5141162872
1216000	-2918400	21.8495845795
1337600	-2918400	22.0658912659
1459200	-2918400	22.181634903
1580800	-2918400	22.2224407196
1702400	-2918400	NaN
1824000	-2918400	NaN
1945600	-2918400	NaN
2067200	-2918400	NaN
2188800	-2918400	NaN
2310400	-2918400	NaN
2432000	-2918400	NaN
2553600	-2918400	NaN
2675200	-2918400	NaN
2796800	-2918400	NaN
2918400	-2918400	NaN
3040000	-2918400	NaN
-3040000	-3040000	NaN
-2918400	-3040000	NaN
-2796800	-3040000	NaN
-2675200	-3040000	NaN
-2553600	-3040000	NaN
-2432000	-3040000	NaN
-2310400	-3040000	NaN
-2188800	-3040000	NaN
-2067200	-3040000	NaN
-1945600	-3040000	NaN
-1824000	-3040000	NaN
-1702400	-3040000	NaN
-1580800	-3040000	NaN
-1459200	-3040000	NaN
-1337600	-3040000	20.0635719299
-1216000	-3040000	19.6999950409
-1094400	-3040000	19.3405208588
-972800	-3040000	18.9869232178
-851200	-3040000	18.6415882111
-729600	-3040000	18.3108997345
-608000	-3040000	18.0010585785
-486400	-3040000	17.7231655121
-364800	-3040000	17.4934558868
-243200	-3040000	17.331993103
-121600	-3040000	17.2617492676
0	-3040000	17.305273056
121600	-3040000	17.4803695679
243200	-3040000	17.7954864502
364800	-3040000	18.2429924011
486400	-3040000	18.7975082397
608000	-3040000	19.4215221405
729600	-3040000	20.0688514709
851200	-3040000	20.6912021637
972800	-3040000	21.2460327148
1094400	-3040000	21.7020587921
1216000	-3040000	22.0409317017
1337600	-3040000	22.2672710419
1459200	-3040000	NaN
1580800	-3040000	NaN
1702400	-3040000	NaN
1824000	-3040000	NaN
1945600	-3040000	NaN
2067200	-3040000	NaN
2188800	-3040000	NaN
2310400	-3040000	NaN
2432000	-3040000	NaN
2553600	-3040000	NaN
2675200	-3040000	NaN
2796800	-3040000	NaN
2918400	-3040000	NaN
3040000	-3040000	NaN
