-3040000	3040000	292.724517822
-2918400	3040000	274.174041748
-2796800	3040000	273.751647949
-2675200	3040000	273.204681396
-2553600	3040000	272.617889404
-2432000	3040000	272.000732422
-2310400	3040000	271.372833252
-2188800	3040000	270.769317627
-2067200	3040000	270.114715576
-1945600	3040000	269.394012451
-1824000	3040000	268.628723145
-1702400	3040000	268.01159668
-1580800	3040000	267.550872803
-1459200	3040000	267.154907227
-1337600	3040000	266.841583252
-1216000	3040000	266.624084473
-1094400	3040000	266.458007812
-972800	3040000	266.339508057
-851200	3040000	266.326416016
-729600	3040000	266.307617188
-608000	3040000	266.214355469
-486400	3040000	266.00869751
-364800	3040000	265.637969971
-243200	3040000	265.023101807
-121600	3040000	264.427978516
0	3040000	264.039367676
121600	3040000	263.866455078
243200	3040000	263.796661377
364800	3040000	263.848968506
486400	3040000	264.03225708
608000	3040000	264.343566895
729600	3040000	264.693695068
851200	3040000	265.081268311
972800	3040000	265.563537598
1094400	3040000	266.031433105
1216000	3040000	266.521484375
1337600	3040000	267.049102783
1459200	3040000	267.575134277
1580800	3040000	268.069152832
1702400	3040000	268.569641113
1824000	3040000	269.082824707
1945600	3040000	269.591400146
2067200	3040000	270.078826904
2188800	3040000	270.514892578
2310400	3040000	270.880859375
2432000	3040000	271.180511475
2553600	3040000	271.36315918
2675200	3040000	271.440887451
2796800	3040000	271.457458496
2918400	3040000	271.423248291
3040000	3040000	289.3019104
-3040000	2918400	274.544006348
-2918400	2918400	274.187530518
-2796800	2918400	273.752746582
-2675200	2918400	273.231262207
-2553600	2918400	272.774719238
-2432000	2918400	272.410522461
-2310400	2918400	271.897033691
-2188800	2918400	271.207977295
-2067200	2918400	270.44833374
-1945600	2918400	269.570709229
-1824000	2918400	268.728179932
-1702400	2918400	268.072052002
-1580800	2918400	267.618743896
-1459200	2918400	267.262298584
-1337600	2918400	266.982818604
-1216000	2918400	266.785186768
-1094400	2918400	266.571105957
-972800	2918400	266.465057373
-851200	2918400	266.502471924
-729600	2918400	266.487701416
-608000	2918400	266.301330566
-486400	2918400	265.96383667
-364800	2918400	265.59262085
-243200	2918400	265.003723145
-121600	2918400	264.334625244
0	2918400	263.893035889
121600	2918400	263.667694092
243200	2918400	263.556365967
364800	2918400	263.574645996
486400	2918400	263.800872803
608000	2918400	264.189788818
729600	2918400	264.580627441
851200	2918400	265.006103516
972800	2918400	265.506195068
1094400	2918400	265.978881836
1216000	2918400	266.428894043
1337600	2918400	266.923370361
1459200	2918400	267.46295166
1580800	2918400	268.006072998
1702400	2918400	268.554504395
1824000	2918400	269.125061035
1945600	2918400	269.684753418
2067200	2918400	270.219848633
2188800	2918400	270.683166504
2310400	2918400	271.071350098
2432000	2918400	271.376159668
2553600	2918400	271.548736572
2675200	2918400	271.613647461
2796800	2918400	271.617492676
2918400	2918400	271.591247559
3040000	2918400	271.439422607
-3040000	2796800	274.677001953
-2918400	2796800	274.298980713
-2796800	2796800	273.847351074
-2675200	2796800	273.35546875
-2553600	2796800	272.988342285
-2432000	2796800	272.831848145
-2310400	2796800	272.46206665
-2188800	2796800	271.613098145
-2067200	2796800	270.58782959
-1945600	2796800	269.598754883
-1824000	2796800	268.717041016
-1702400	2796800	268.071228027
-1580800	2796800	267.612182617
-1459200	2796800	267.225189209
-1337600	2796800	266.906280518
-1216000	2796800	266.659210205
-1094400	2796800	266.455596924
-972800	2796800	266.444580078
-851200	2796800	266.59362793
-729600	2796800	266.521636963
-608000	2796800	266.198547363
-486400	2796800	265.752227783
-364800	2796800	265.299041748
-243200	2796800	264.763641357
-121600	2796800	264.155731201
0	2796800	263.749145508
121600	2796800	263.572601318
243200	2796800	263.447387695
364800	2796800	263.472503662
486400	2796800	263.665252686
608000	2796800	263.940338135
729600	2796800	264.289398193
851200	2796800	264.78604126
972800	2796800	265.374633789
1094400	2796800	265.925048828
1216000	2796800	266.427093506
1337600	2796800	266.902618408
1459200	2796800	267.431304932
1580800	2796800	268.004638672
1702400	2796800	268.575683594
1824000	2796800	269.166320801
1945600	2796800	269.761993408
2067200	2796800	270.35168457
2188800	2796800	270.867401123
2310400	2796800	271.294403076
2432000	2796800	271.62612915
2553600	2796800	271.830291748
2675200	2796800	271.916870117
2796800	2796800	271.938232422
2918400	2796800	271.915924072
3040000	2796800	271.777587891
-3040000	2675200	274.934082031
-2918400	2675200	274.575683594
-2796800	2675200	274.171112061
-2675200	2675200	273.705718994
-2553600	2675200	273.366790771
-2432000	2675200	273.205322266
-2310400	2675200	272.821136475
-2188800	2675200	271.856536865
-2067200	2675200	270.592285156
-1945600	2675200	269.485046387
-1824000	2675200	268.61328125
-1702400	2675200	267.971160889
-1580800	2675200	267.500915527
-1459200	2675200	267.084625244
-1337600	2675200	266.711151123
-1216000	2675200	266.408325195
-1094400	2675200	266.250823975
-972800	2675200	266.349731445
-851200	2675200	266.525970459
-729600	2675200	266.366210938
-608000	2675200	265.841339111
-486400	2675200	265.274475098
-364800	2675200	264.658111572
-243200	2675200	264.070251465
-121600	2675200	263.542419434
0	2675200	263.207794189
121600	2675200	263.114532471
243200	2675200	263.01953125
364800	2675200	263.040863037
486400	2675200	263.1925354
608000	2675200	263.365234375
729600	2675200	263.73449707
851200	2675200	264.448455811
972800	2675200	265.247894287
1094400	2675200	265.89352417
1216000	2675200	266.473419189
1337600	2675200	266.949737549
1459200	2675200	267.471374512
1580800	2675200	268.031219482
1702400	2675200	268.595214844
1824000	2675200	269.178375244
1945600	2675200	269.790252686
2067200	2675200	270.443450928
2188800	2675200	271.039642334
2310400	2675200	271.526977539
2432000	2675200	271.921722412
2553600	2675200	272.197814941
2675200	2675200	272.350830078
2796800	2675200	272.432739258
2918400	2675200	272.460449219
3040000	2675200	272.334838867
-3040000	2553600	275.204589844
-2918400	2553600	274.893432617
-2796800	2553600	274.692169189
-2675200	2553600	274.198242188
-2553600	2553600	273.788421631
-2432000	2553600	273.526855469
-2310400	2553600	272.992431641
-2188800	2553600	271.826904297
-2067200	2553600	270.363372803
-1945600	2553600	269.197937012
-1824000	2553600	268.345855713
-1702400	2553600	267.735076904
-1580800	2553600	267.25213623
-1459200	2553600	266.810546875
-1337600	2553600	266.398681641
-1216000	2553600	266.090209961
-1094400	2553600	265.956634521
-972800	2553600	266.080718994
-851200	2553600	266.188842773
-729600	2553600	265.933227539
-608000	2553600	265.299041748
-486400	2553600	264.563720703
-364800	2553600	263.723510742
-243200	2553600	263.033050537
-121600	2553600	262.582489014
0	2553600	262.329498291
121600	2553600	262.299255371
243200	2553600	262.231262207
364800	2553600	262.069854736
486400	2553600	262.117889404
608000	2553600	262.40145874
729600	2553600	262.93963623
851200	2553600	263.892944336
972800	2553600	264.937072754
1094400	2553600	265.698577881
1216000	2553600	266.376708984
1337600	2553600	266.932983398
1459200	2553600	267.441802979
1580800	2553600	267.96307373
1702400	2553600	268.572296143
1824000	2553600	269.153137207
1945600	2553600	269.743347168
2067200	2553600	270.454681396
2188800	2553600	271.1796875
2310400	2553600	271.792205811
2432000	2553600	272.278045654
2553600	2553600	272.652770996
2675200	2553600	272.890106201
2796800	2553600	273.065887451
2918400	2553600	273.214660645
3040000	2553600	273.15032959
-3040000	2432000	275.282928467
-2918400	2432000	274.955963135
-2796800	2432000	274.951477051
-2675200	2432000	274.193634033
-2553600	2432000	273.76940918
-2432000	2432000	273.304107666
-2310400	2432000	272.410919189
-2188800	2432000	271.062530518
-2067200	2432000	269.540557861
-1945600	2432000	268.481628418
-1824000	2432000	267.757995605
-1702400	2432000	267.245574951
-1580800	2432000	266.765563965
-1459200	2432000	266.255462646
-1337600	2432000	265.779418945
-1216000	2432000	265.431213379
-1094400	2432000	265.271575928
-972800	2432000	265.25894165
-851200	2432000	265.25994873
-729600	2432000	264.936706543
-608000	2432000	264.252716064
-486400	2432000	263.46182251
-364800	2432000	262.581848145
-243200	2432000	261.930877686
-121600	2432000	261.564361572
0	2432000	261.307647705
121600	2432000	261.353363037
243200	2432000	261.35345459
364800	2432000	261.140655518
486400	2432000	261.066009521
608000	2432000	261.393280029
729600	2432000	261.896362305
851200	2432000	262.870422363
972800	2432000	263.973358154
1094400	2432000	264.916564941
1216000	2432000	265.731994629
1337600	2432000	266.478393555
1459200	2432000	266.91885376
1580800	2432000	267.371032715
1702400	2432000	268.085723877
1824000	2432000	268.754058838
1945600	2432000	269.356536865
2067200	2432000	270.055175781
2188800	2432000	270.858642578
2310400	2432000	271.608703613
2432000	2432000	272.249664307
2553600	2432000	272.751251221
2675200	2432000	273.108673096
2796800	2432000	273.385742188
2918400	2432000	273.64642334
3040000	2432000	273.708221436
-3040000	2310400	275.123840332
-2918400	2310400	274.659790039
-2796800	2310400	274.454986572
-2675200	2310400	273.733642578
-2553600	2310400	273.123352051
-2432000	2310400	272.346405029
-2310400	2310400	271.230682373
-2188800	2310400	269.828979492
-2067200	2310400	268.537017822
-1945600	2310400	267.68069458
-1824000	2310400	267.10748291
-1702400	2310400	266.638946533
-1580800	2310400	266.094696045
-1459200	2310400	265.452606201
-1337600	2310400	264.867645264
-1216000	2310400	264.448028564
-1094400	2310400	264.219451904
-972800	2310400	264.029388428
-851200	2310400	263.854370117
-729600	2310400	263.484771729
-608000	2310400	262.770172119
-486400	2310400	262.107391357
-364800	2310400	261.506896973
-243200	2310400	261.078521729
-121600	2310400	260.882781982
0	2310400	260.412139893
121600	2310400	260.483673096
243200	2310400	260.83190918
364800	2310400	260.964752197
486400	2310400	261.059570312
608000	2310400	260.875
729600	2310400	261.070800781
851200	2310400	261.674865723
972800	2310400	262.650238037
1094400	2310400	263.584320068
1216000	2310400	264.383544922
1337600	2310400	265.178161621
1459200	2310400	265.649475098
1580800	2310400	266.228271484
1702400	2310400	267.12298584
1824000	2310400	268.024993896
1945600	2310400	268.770843506
2067200	2310400	269.42401123
2188800	2310400	270.130554199
2310400	2310400	270.958984375
2432000	2310400	271.691650391
2553600	2310400	272.34753418
2675200	2310400	272.876159668
2796800	2310400	273.281799316
2918400	2310400	273.60458374
3040000	2310400	273.693969727
-3040000	2188800	274.860473633
-2918400	2188800	274.337371826
-2796800	2188800	274.065093994
-2675200	2188800	273.406860352
-2553600	2188800	272.571685791
-2432000	2188800	271.398925781
-2310400	2188800	270.192687988
-2188800	2188800	268.94732666
-2067200	2188800	267.850860596
-1945600	2188800	267.095581055
-1824000	2188800	266.595550537
-1702400	2188800	266.033172607
-1580800	2188800	265.372528076
-1459200	2188800	264.587280273
-1337600	2188800	263.862213135
-1216000	2188800	263.363311768
-1094400	2188800	263.086395264
-972800	2188800	262.82434082
-851200	2188800	262.482727051
-729600	2188800	262.145355225
-608000	2188800	261.627593994
-486400	2188800	261.320159912
-364800	2188800	261.316375732
-243200	2188800	260.773284912
-121600	2188800	259.349884033
0	2188800	252.892974854
121600	2188800	257.594512939
243200	2188800	258.80279541
364800	2188800	259.428649902
486400	2188800	260.729736328
608000	2188800	260.007476807
729600	2188800	260.908447266
851200	2188800	260.927581787
972800	2188800	261.471801758
1094400	2188800	262.231903076
1216000	2188800	262.945404053
1337600	2188800	263.587432861
1459200	2188800	264.23348999
1580800	2188800	265.148254395
1702400	2188800	266.292877197
1824000	2188800	267.359313965
1945600	2188800	268.238861084
2067200	2188800	268.949249268
2188800	2188800	269.532226562
2310400	2188800	270.263977051
2432000	2188800	271.043182373
2553600	2188800	271.728912354
2675200	2188800	272.406402588
2796800	2188800	272.969665527
2918400	2188800	273.411865234
3040000	2188800	273.537597656
-3040000	2067200	274.5987854
-2918400	2067200	274.169586182
-2796800	2067200	274.047424316
-2675200	2067200	273.371948242
-2553600	2067200	272.257476807
-2432000	2067200	270.711303711
-2310400	2067200	269.385284424
-2188800	2067200	268.227478027
-2067200	2067200	267.286468506
-1945600	2067200	266.612243652
-1824000	2067200	265.985839844
-1702400	2067200	265.262817383
-1580800	2067200	264.459503174
-1459200	2067200	263.605407715
-1337600	2067200	262.834655762
-1216000	2067200	262.297027588
-1094400	2067200	262.035308838
-972800	2067200	261.881225586
-851200	2067200	261.604919434
-729600	2067200	261.304016113
-608000	2067200	261.046569824
-486400	2067200	261.165405273
-364800	2067200	258.36831665
-243200	2067200	251.169204712
-121600	2067200	249.831283569
0	2067200	249.316635132
121600	2067200	251.162902832
243200	2067200	250.365844727
364800	2067200	251.384277344
486400	2067200	252.094604492
608000	2067200	251.792098999
729600	2067200	253.534500122
851200	2067200	260.116943359
972800	2067200	261.023651123
1094400	2067200	261.781066895
1216000	2067200	262.251220703
1337600	2067200	262.560333252
1459200	2067200	263.156463623
1580800	2067200	264.167022705
1702400	2067200	265.344512939
1824000	2067200	266.297821045
1945600	2067200	267.171020508
2067200	2067200	268.101531982
2188800	2067200	268.823852539
2310400	2067200	269.498291016
2432000	2067200	270.176727295
2553600	2067200	270.932647705
2675200	2067200	271.766937256
2796800	2067200	272.540557861
2918400	2067200	273.113891602
3040000	2067200	273.307403564
-3040000	1945600	274.377044678
-2918400	1945600	274.047363281
-2796800	1945600	273.915679932
-2675200	1945600	273.295532227
-2553600	1945600	272.021026611
-2432000	1945600	270.27746582
-2310400	1945600	268.773834229
-2188800	1945600	267.568084717
-2067200	1945600	266.637145996
-1945600	1945600	265.942596436
-1824000	1945600	265.147705078
-1702400	1945600	264.246643066
-1580800	1945600	263.344390869
-1459200	1945600	262.511688232
-1337600	1945600	261.817169189
-1216000	1945600	261.390228271
-1094400	1945600	261.212524414
-972800	1945600	261.209960938
-851200	1945600	261.06652832
-729600	1945600	260.746032715
-608000	1945600	260.718170166
-486400	1945600	259.912384033
-364800	1945600	250.969787598
-243200	1945600	249.208694458
-121600	1945600	244.23815918
0	1945600	245.259490967
121600	1945600	239.291610718
243200	1945600	237.723403931
364800	1945600	238.887161255
486400	1945600	242.719345093
608000	1945600	247.515426636
729600	1945600	250.968444824
851200	1945600	252.462142944
972800	1945600	253.118728638
1094400	1945600	255.756088257
1216000	1945600	256.696411133
1337600	1945600	261.208831787
1459200	1945600	262.044677734
1580800	1945600	262.654815674
1702400	1945600	263.674224854
1824000	1945600	264.500366211
1945600	1945600	265.381256104
2067200	1945600	266.566864014
2188800	1945600	267.658630371
2310400	1945600	268.503173828
2432000	1945600	269.200439453
2553600	1945600	270.019317627
2675200	1945600	270.997833252
2796800	1945600	271.966522217
2918400	1945600	272.779327393
3040000	1945600	273.060821533
-3040000	1824000	274.19631958
-2918400	1824000	273.878936768
-2796800	1824000	273.745880127
-2675200	1824000	273.163543701
-2553600	1824000	271.69039917
-2432000	1824000	269.872711182
-2310400	1824000	268.136627197
-2188800	1824000	266.789489746
-2067200	1824000	265.806915283
-1945600	1824000	264.989929199
-1824000	1824000	264.070739746
-1702400	1824000	263.059173584
-1580800	1824000	262.149261475
-1459200	1824000	261.420806885
-1337600	1824000	260.925170898
-1216000	1824000	260.627960205
-1094400	1824000	260.535095215
-972800	1824000	260.580657959
-851200	1824000	260.31137085
-729600	1824000	260.159606934
-608000	1824000	259.124938965
-486400	1824000	250.046035767
-364800	1824000	249.582122803
-243200	1824000	243.098724365
-121600	1824000	237.075180054
0	1824000	234.924316406
121600	1824000	231.913543701
243200	1824000	228.714874268
364800	1824000	230.089569092
486400	1824000	232.186508179
608000	1824000	237.688842773
729600	1824000	242.910507202
851200	1824000	247.52116394
972800	1824000	251.123001099
1094400	1824000	250.022247314
1216000	1824000	250.651351929
1337600	1824000	254.464431763
1459200	1824000	261.207672119
1580800	1824000	261.553131104
1702400	1824000	262.11315918
1824000	1824000	262.785888672
1945600	1824000	263.437194824
2067200	1824000	264.75970459
2188800	1824000	266.246032715
2310400	1824000	267.303497314
2432000	1824000	268.136627197
2553600	1824000	269.008758545
2675200	1824000	270.073425293
2796800	1824000	271.267486572
2918400	1824000	272.358917236
3040000	1824000	272.767089844
-3040000	1702400	274.006713867
-2918400	1702400	273.684204102
-2796800	1702400	273.510467529
-2675200	1702400	272.927947998
-2553600	1702400	271.436798096
-2432000	1702400	268.879241943
-2310400	1702400	267.258087158
-2188800	1702400	265.765075684
-2067200	1702400	264.851043701
-1945600	1702400	263.967987061
-1824000	1702400	262.949920654
-1702400	1702400	261.946777344
-1580800	1702400	261.111816406
-1459200	1702400	260.585723877
-1337600	1702400	260.312957764
-1216000	1702400	260.097198486
-1094400	1702400	260.05581665
-972800	1702400	260.063568115
-851200	1702400	259.756286621
-729600	1702400	259.811950684
-608000	1702400	251.42137146
-486400	1702400	248.269821167
-364800	1702400	247.240234375
-243200	1702400	240.197753906
-121600	1702400	231.398910522
0	1702400	228.829772949
121600	1702400	228.285903931
243200	1702400	225.887619019
364800	1702400	224.851791382
486400	1702400	226.740768433
608000	1702400	230.027755737
729600	1702400	233.290298462
851200	1702400	235.871734619
972800	1702400	242.011047363
1094400	1702400	244.132003784
1216000	1702400	244.702056885
1337600	1702400	247.605453491
1459200	1702400	249.449783325
1580800	1702400	246.77406311
1702400	1702400	250.796142578
1824000	1702400	257.659729004
1945600	1702400	262.322418213
2067200	1702400	263.428192139
2188800	1702400	264.9375
2310400	1702400	266.17779541
2432000	1702400	267.144561768
2553600	1702400	268.17199707
2675200	1702400	269.320678711
2796800	1702400	270.635986328
2918400	1702400	271.899047852
3040000	1702400	272.403900146
-3040000	1580800	273.899353027
-2918400	1580800	273.524597168
-2796800	1580800	273.256347656
-2675200	1580800	272.690093994
-2553600	1580800	271.05267334
-2432000	1580800	267.659057617
-2310400	1580800	266.15814209
-2188800	1580800	264.881469727
-2067200	1580800	264.036956787
-1945600	1580800	263.23538208
-1824000	1580800	262.159576416
-1702400	1580800	261.141845703
-1580800	1580800	260.478881836
-1459200	1580800	260.098876953
-1337600	1580800	259.819732666
-1216000	1580800	259.697875977
-1094400	1580800	259.648925781
-972800	1580800	259.527404785
-851200	1580800	259.001403809
-729600	1580800	258.662628174
-608000	1580800	248.617019653
-486400	1580800	249.330947876
-364800	1580800	243.185775757
-243200	1580800	233.830184937
-121600	1580800	229.499740601
0	1580800	227.695648193
121600	1580800	226.134780884
243200	1580800	224.151733398
364800	1580800	222.610549927
486400	1580800	223.070373535
608000	1580800	224.641265869
729600	1580800	226.697021484
851200	1580800	230.426086426
972800	1580800	234.463638306
1094400	1580800	236.801269531
1216000	1580800	237.636001587
1337600	1580800	240.564590454
1459200	1580800	241.465652466
1580800	1580800	240.184036255
1702400	1580800	242.644668579
1824000	1580800	249.199523926
1945600	1580800	253.093963623
2067200	1580800	251.736999512
2188800	1580800	263.056762695
2310400	1580800	264.704711914
2432000	1580800	266.089538574
2553600	1580800	267.567626953
2675200	1580800	268.76550293
2796800	1580800	269.919036865
2918400	1580800	271.277832031
3040000	1580800	271.956207275
-3040000	1459200	273.953826904
-2918400	1459200	273.531982422
-2796800	1459200	273.023010254
-2675200	1459200	272.531829834
-2553600	1459200	271.401275635
-2432000	1459200	263.707305908
-2310400	1459200	265.220214844
-2188800	1459200	264.146240234
-2067200	1459200	263.402008057
-1945600	1459200	262.569213867
-1824000	1459200	261.585540771
-1702400	1459200	260.656066895
-1580800	1459200	260.044158936
-1459200	1459200	259.684997559
-1337600	1459200	259.366088867
-1216000	1459200	259.120697021
-1094400	1459200	259.05581665
-972800	1459200	258.718475342
-851200	1459200	258.295074463
-729600	1459200	258.086120605
-608000	1459200	248.971313477
-486400	1459200	247.725326538
-364800	1459200	239.405715942
-243200	1459200	232.710037231
-121600	1459200	229.636978149
0	1459200	227.998184204
121600	1459200	226.077392578
243200	1459200	223.810745239
364800	1459200	222.355102539
486400	1459200	221.042312622
608000	1459200	221.025375366
729600	1459200	222.309051514
851200	1459200	226.024353027
972800	1459200	228.446304321
1094400	1459200	230.036346436
1216000	1459200	231.708831787
1337600	1459200	233.958816528
1459200	1459200	234.929168701
1580800	1459200	234.952026367
1702400	1459200	238.136962891
1824000	1459200	240.627700806
1945600	1459200	243.501876831
2067200	1459200	245.479980469
2188800	1459200	259.60067749
2310400	1459200	262.803771973
2432000	1459200	264.74987793
2553600	1459200	267.015380859
2675200	1459200	268.542266846
2796800	1459200	269.521514893
2918400	1459200	270.772827148
3040000	1459200	271.489227295
-3040000	1337600	274.058288574
-2918400	1337600	273.709136963
-2796800	1337600	273.061462402
-2675200	1337600	272.243713379
-2553600	1337600	271.281036377
-2432000	1337600	260.867523193
-2310400	1337600	261.617950439
-2188800	1337600	263.966705322
-2067200	1337600	262.748321533
-1945600	1337600	261.777557373
-1824000	1337600	260.951751709
-1702400	1337600	260.193725586
-1580800	1337600	259.602874756
-1459200	1337600	259.178771973
-1337600	1337600	258.805511475
-1216000	1337600	258.620483398
-1094400	1337600	258.558624268
-972800	1337600	257.907318115
-851200	1337600	257.573272705
-729600	1337600	257.650054932
-608000	1337600	245.762817383
-486400	1337600	239.715209961
-364800	1337600	235.905166626
-243200	1337600	232.952911377
-121600	1337600	230.469482422
0	1337600	228.333251953
121600	1337600	226.486541748
243200	1337600	224.242706299
364800	1337600	221.927642822
486400	1337600	220.232666016
608000	1337600	219.584289551
729600	1337600	219.079086304
851200	1337600	220.914367676
972800	1337600	223.011489868
1094400	1337600	224.228927612
1216000	1337600	226.052398682
1337600	1337600	227.971603394
1459200	1337600	229.603012085
1580800	1337600	231.01574707
1702400	1337600	232.724029541
1824000	1337600	234.452926636
1945600	1337600	239.101242065
2067200	1337600	247.215805054
2188800	1337600	259.460083008
2310400	1337600	260.854003906
2432000	1337600	263.027313232
2553600	1337600	266.071624756
2675200	1337600	268.269042969
2796800	1337600	269.452697754
2918400	1337600	270.604736328
3040000	1337600	271.212036133
-3040000	1216000	274.045227051
-2918400	1216000	273.751342773
-2796800	1216000	273.061431885
-2675200	1216000	272.095916748
-2553600	1216000	270.890594482
-2432000	1216000	262.398406982
-2310400	1216000	257.837158203
-2188800	1216000	259.170715332
-2067200	1216000	262.283294678
-1945600	1216000	260.926116943
-1824000	1216000	260.066162109
-1702400	1216000	259.547180176
-1580800	1216000	259.090576172
-1459200	1216000	258.64755249
-1337600	1216000	258.278442383
-1216000	1216000	258.072052002
-1094400	1216000	258.287811279
-972800	1216000	257.563903809
-851200	1216000	257.088989258
-729600	1216000	253.29737854
-608000	1216000	242.63269043
-486400	1216000	240.608062744
-364800	1216000	237.263870239
-243200	1216000	234.543716431
-121600	1216000	231.108764648
0	1216000	228.502593994
121600	1216000	226.379257202
243200	1216000	224.405288696
364800	1216000	221.553451538
486400	1216000	220.369934082
608000	1216000	218.623291016
729600	1216000	217.77166748
851200	1216000	217.441207886
972800	1216000	218.680023193
1094400	1216000	219.773651123
1216000	1216000	221.751708984
1337600	1216000	223.73664856
1459200	1216000	225.254348755
1580800	1216000	226.24961853
1702400	1216000	228.575149536
1824000	1216000	231.47958374
1945600	1216000	235.776977539
2067200	1216000	242.800308228
2188800	1216000	257.643707275
2310400	1216000	259.96282959
2432000	1216000	261.460357666
2553600	1216000	264.613708496
2675200	1216000	267.269592285
2796800	1216000	268.952728271
2918400	1216000	270.304718018
3040000	1216000	270.925018311
-3040000	1094400	273.922790527
-2918400	1094400	273.690704346
-2796800	1094400	273.26260376
-2675200	1094400	272.086334229
-2553600	1094400	271.212219238
-2432000	1094400	269.208740234
-2310400	1094400	256.650787354
-2188800	1094400	255.599975586
-2067200	1094400	254.904708862
-1945600	1094400	259.144317627
-1824000	1094400	259.482147217
-1702400	1094400	258.776184082
-1580800	1094400	258.230529785
-1459200	1094400	257.836242676
-1337600	1094400	257.554260254
-1216000	1094400	257.278930664
-1094400	1094400	257.443664551
-972800	1094400	257.401245117
-851200	1094400	256.540435791
-729600	1094400	247.364486694
-608000	1094400	243.447387695
-486400	1094400	241.176315308
-364800	1094400	240.137573242
-243200	1094400	236.106063843
-121600	1094400	231.576049805
0	1094400	229.036651611
121600	1094400	226.487350464
243200	1094400	224.186279297
364800	1094400	221.787506104
486400	1094400	219.742340088
608000	1094400	218.408462524
729600	1094400	216.6612854
851200	1094400	215.344497681
972800	1094400	216.151977539
1094400	1094400	217.919647217
1216000	1094400	220.118087769
1337600	1094400	223.301132202
1459200	1094400	225.346572876
1580800	1094400	226.525344849
1702400	1094400	229.171844482
1824000	1094400	231.217498779
1945600	1094400	235.842407227
2067200	1094400	241.260650635
2188800	1094400	250.026885986
2310400	1094400	259.959259033
2432000	1094400	260.804992676
2553600	1094400	262.855010986
2675200	1094400	265.658996582
2796800	1094400	267.965026855
2918400	1094400	269.611724854
3040000	1094400	270.375671387
-3040000	972800	273.888000488
-2918400	972800	273.686462402
-2796800	972800	273.423126221
-2675200	972800	272.093597412
-2553600	972800	270.978637695
-2432000	972800	269.829681396
-2310400	972800	262.225524902
-2188800	972800	256.278594971
-2067200	972800	251.108566284
-1945600	972800	250.995361328
-1824000	972800	251.775772095
-1702400	972800	256.058319092
-1580800	972800	257.535095215
-1459200	972800	256.691558838
-1337600	972800	256.468078613
-1216000	972800	256.177978516
-1094400	972800	255.390213013
-972800	972800	256.585235596
-851200	972800	250.453567505
-729600	972800	243.623962402
-608000	972800	241.479660034
-486400	972800	243.125946045
-364800	972800	237.907669067
-243200	972800	235.06022644
-121600	972800	231.438415527
0	972800	230.06892395
121600	972800	226.586166382
243200	972800	224.909255981
364800	972800	222.339538574
486400	972800	219.659164429
608000	972800	218.245941162
729600	972800	215.413009644
851200	972800	214.266647339
972800	972800	215.153701782
1094400	972800	217.568450928
1216000	972800	221.302093506
1337600	972800	226.090438843
1459200	972800	228.81262207
1580800	972800	231.22706604
1702400	972800	234.149230957
1824000	972800	234.996826172
1945600	972800	237.003997803
2067200	972800	242.221923828
2188800	972800	247.038192749
2310400	972800	260.706695557
2432000	972800	260.955169678
2553600	972800	262.014923096
2675200	972800	264.586212158
2796800	972800	267.091400146
2918400	972800	268.894165039
3040000	972800	269.735473633
-3040000	851200	273.906982422
-2918400	851200	273.732208252
-2796800	851200	273.524261475
-2675200	851200	272.326873779
-2553600	851200	271.047576904
-2432000	851200	269.975280762
-2310400	851200	268.35723877
-2188800	851200	266.459838867
-2067200	851200	258.470458984
-1945600	851200	254.725875854
-1824000	851200	252.525009155
-1702400	851200	248.71736145
-1580800	851200	250.229431152
-1459200	851200	256.617553711
-1337600	851200	249.937423706
-1216000	851200	247.264190674
-1094400	851200	245.950363159
-972800	851200	246.729705811
-851200	851200	245.163818359
-729600	851200	242.017730713
-608000	851200	240.688110352
-486400	851200	239.178726196
-364800	851200	237.189559937
-243200	851200	232.870101929
-121600	851200	228.520690918
0	851200	227.46232605
121600	851200	223.692489624
243200	851200	223.394393921
364800	851200	223.943603516
486400	851200	221.079345703
608000	851200	217.45640564
729600	851200	214.867004395
851200	851200	213.152404785
972800	851200	214.910995483
1094400	851200	218.159942627
1216000	851200	222.882476807
1337600	851200	228.210205078
1459200	851200	232.998016357
1580800	851200	236.704269409
1702400	851200	239.93522644
1824000	851200	241.215759277
1945600	851200	244.045211792
2067200	851200	245.883178711
2188800	851200	247.895278931
2310400	851200	259.796142578
2432000	851200	260.571228027
2553600	851200	261.654022217
2675200	851200	264.039031982
2796800	851200	266.590820312
2918400	851200	268.352600098
3040000	851200	269.111358643
-3040000	729600	273.935119629
-2918400	729600	273.749328613
-2796800	729600	273.4921875
-2675200	729600	272.446014404
-2553600	729600	271.229064941
-2432000	729600	269.931854248
-2310400	729600	268.470062256
-2188800	729600	262.457336426
-2067200	729600	257.675964355
-1945600	729600	256.036499023
-1824000	729600	256.838226318
-1702400	729600	255.734863281
-1580800	729600	247.16519165
-1459200	729600	248.408798218
-1337600	729600	246.207550049
-1216000	729600	245.162307739
-1094400	729600	244.19960022
-972800	729600	243.094970703
-851200	729600	245.093078613
-729600	729600	241.104141235
-608000	729600	243.623260498
-486400	729600	238.973052979
-364800	729600	233.942001343
-243200	729600	231.716415405
-121600	729600	228.339904785
0	729600	225.132400513
121600	729600	221.5756073
243200	729600	221.863815308
364800	729600	223.071273804
486400	729600	221.756454468
608000	729600	217.20513916
729600	729600	214.758773804
851200	729600	213.197784424
972800	729600	215.223983765
1094400	729600	220.347061157
1216000	729600	224.572982788
1337600	729600	230.005157471
1459200	729600	235.61932373
1580800	729600	239.703475952
1702400	729600	241.743362427
1824000	729600	245.674133301
1945600	729600	245.83430481
2067200	729600	246.436325073
2188800	729600	248.701278687
2310400	729600	258.718048096
2432000	729600	259.88458252
2553600	729600	261.264831543
2675200	729600	263.624023438
2796800	729600	266.126586914
2918400	729600	267.879943848
3040000	729600	268.49609375
-3040000	608000	273.952789307
-2918400	608000	273.707427979
-2796800	608000	273.347045898
-2675200	608000	272.228851318
-2553600	608000	271.077758789
-2432000	608000	269.931182861
-2310400	608000	268.436981201
-2188800	608000	266.719268799
-2067200	608000	260.575378418
-1945600	608000	258.340393066
-1824000	608000	256.591094971
-1702400	608000	257.00491333
-1580800	608000	248.306228638
-1459200	608000	248.366912842
-1337600	608000	245.299942017
-1216000	608000	243.727203369
-1094400	608000	242.643493652
-972800	608000	241.701553345
-851200	608000	242.345962524
-729600	608000	239.465942383
-608000	608000	241.971664429
-486400	608000	238.397384644
-364800	608000	233.452423096
-243200	608000	231.366699219
-121600	608000	226.548416138
0	608000	223.024505615
121600	608000	220.915237427
243200	608000	222.457122803
364800	608000	222.755935669
486400	608000	220.01763916
608000	608000	216.976806641
729600	608000	214.203491211
851200	608000	213.135391235
972800	608000	216.42338562
1094400	608000	221.62953186
1216000	608000	227.243347168
1337600	608000	231.436264038
1459200	608000	234.514038086
1580800	608000	239.25541687
1702400	608000	240.012878418
1824000	608000	243.301544189
1945600	608000	244.451721191
2067200	608000	247.346206665
2188800	608000	257.555450439
2310400	608000	259.650817871
2432000	608000	260.28515625
2553600	608000	261.110748291
2675200	608000	263.0262146
2796800	608000	265.546203613
2918400	608000	267.464111328
3040000	608000	268.195678711
-3040000	486400	273.986450195
-2918400	486400	273.691467285
-2796800	486400	273.18560791
-2675200	486400	272.028564453
-2553600	486400	270.919891357
-2432000	486400	269.923156738
-2310400	486400	268.741516113
-2188800	486400	267.503143311
-2067200	486400	266.32119751
-1945600	486400	264.346405029
-1824000	486400	262.1355896
-1702400	486400	256.745819092
-1580800	486400	249.294052124
-1459200	486400	247.29637146
-1337600	486400	244.74697876
-1216000	486400	242.923126221
-1094400	486400	242.170593262
-972800	486400	240.856491089
-851200	486400	239.748504639
-729600	486400	239.211975098
-608000	486400	240.246871948
-486400	486400	238.282531738
-364800	486400	234.272598267
-243200	486400	230.092193604
-121600	486400	225.768890381
0	486400	222.00743103
121600	486400	220.963378906
243200	486400	222.823928833
364800	486400	222.161239624
486400	486400	218.095870972
608000	486400	216.706802368
729600	486400	213.365524292
851200	486400	213.457778931
972800	486400	216.292327881
1094400	486400	221.506439209
1216000	486400	226.883926392
1337600	486400	229.847412109
1459200	486400	233.310394287
1580800	486400	236.648498535
1702400	486400	239.592758179
1824000	486400	240.222183228
1945600	486400	242.067062378
2067200	486400	244.224349976
2188800	486400	248.861877441
2310400	486400	256.831756592
2432000	486400	261.371490479
2553600	486400	261.452056885
2675200	486400	262.259857178
2796800	486400	264.638061523
2918400	486400	266.989135742
3040000	486400	267.89666748
-3040000	364800	274.067779541
-2918400	364800	273.776489258
-2796800	364800	273.385894775
-2675200	364800	272.148162842
-2553600	364800	270.859069824
-2432000	364800	269.722442627
-2310400	364800	268.614959717
-2188800	364800	267.526824951
-2067200	364800	266.424285889
-1945600	364800	265.364868164
-1824000	364800	258.13861084
-1702400	364800	251.270828247
-1580800	364800	247.067382812
-1459200	364800	245.878509521
-1337600	364800	244.38508606
-1216000	364800	242.841384888
-1094400	364800	241.797592163
-972800	364800	240.809783936
-851200	364800	241.419540405
-729600	364800	241.86328125
-608000	364800	240.757797241
-486400	364800	237.591033936
-364800	364800	233.601379395
-243200	364800	229.440567017
-121600	364800	226.065216064
0	364800	222.327026367
121600	364800	221.384017944
243200	364800	222.187667847
364800	364800	219.685287476
486400	364800	218.193191528
608000	364800	217.148895264
729600	364800	213.855422974
851200	364800	212.949539185
972800	364800	215.49420166
1094400	364800	220.102920532
1216000	364800	225.729812622
1337600	364800	227.376281738
1459200	364800	230.793716431
1580800	364800	232.876739502
1702400	364800	233.682632446
1824000	364800	234.673431396
1945600	364800	236.882598877
2067200	364800	239.506973267
2188800	364800	243.044067383
2310400	364800	246.983459473
2432000	364800	258.037750244
2553600	364800	262.063171387
2675200	364800	261.658538818
2796800	364800	263.612976074
2918400	364800	266.121124268
3040000	364800	267.141937256
-3040000	243200	274.166564941
-2918400	243200	273.887176514
-2796800	243200	273.480133057
-2675200	243200	272.24319458
-2553600	243200	270.760650635
-2432000	243200	269.350799561
-2310400	243200	268.092773438
-2188800	243200	266.835235596
-2067200	243200	265.487457275
-1945600	243200	264.163848877
-1824000	243200	262.055419922
-1702400	243200	250.186477661
-1580800	243200	246.451461792
-1459200	243200	246.201416016
-1337600	243200	244.380462646
-1216000	243200	242.818130493
-1094400	243200	242.732284546
-972800	243200	245.198898315
-851200	243200	243.534667969
-729600	243200	243.085952759
-608000	243200	240.333236694
-486400	243200	237.003250122
-364800	243200	232.489578247
-243200	243200	228.097610474
-121600	243200	225.071411133
0	243200	222.467636108
121600	243200	221.870513916
243200	243200	220.667602539
364800	243200	218.991836548
486400	243200	217.843200684
608000	243200	217.297805786
729600	243200	214.496505737
851200	243200	213.485549927
972800	243200	213.94631958
1094400	243200	217.932388306
1216000	243200	222.850631714
1337600	243200	225.692352295
1459200	243200	228.153533936
1580800	243200	229.23097229
1702400	243200	230.313964844
1824000	243200	231.136260986
1945600	243200	232.617004395
2067200	243200	235.354690552
2188800	243200	239.016815186
2310400	243200	243.892166138
2432000	243200	250.773208618
2553600	243200	256.969451904
2675200	243200	261.377563477
2796800	243200	262.860015869
2918400	243200	265.09286499
3040000	243200	266.311218262
-3040000	121600	274.227020264
-2918400	121600	273.935974121
-2796800	121600	273.519927979
-2675200	121600	272.295959473
-2553600	121600	270.628417969
-2432000	121600	268.9425354
-2310400	121600	267.415679932
-2188800	121600	265.910430908
-2067200	121600	264.582092285
-1945600	121600	263.596893311
-1824000	121600	257.054077148
-1702400	121600	248.526260376
-1580800	121600	246.080078125
-1459200	121600	244.651351929
-1337600	121600	243.954086304
-1216000	121600	242.584350586
-1094400	121600	240.723587036
-972800	121600	241.802139282
-851200	121600	242.184967041
-729600	121600	240.887680054
-608000	121600	238.40045166
-486400	121600	236.810882568
-364800	121600	234.637268066
-243200	121600	227.536773682
-121600	121600	223.379959106
0	121600	222.467849731
121600	121600	221.433395386
243200	121600	218.422592163
364800	121600	219.239334106
486400	121600	218.64755249
608000	121600	217.357574463
729600	121600	215.598571777
851200	121600	214.853713989
972800	121600	213.609024048
1094400	121600	215.367218018
1216000	121600	219.618011475
1337600	121600	223.106109619
1459200	121600	224.367538452
1580800	121600	225.764007568
1702400	121600	227.233093262
1824000	121600	229.01348877
1945600	121600	230.694366455
2067200	121600	233.183609009
2188800	121600	236.990478516
2310400	121600	241.914138794
2432000	121600	248.297195435
2553600	121600	253.991455078
2675200	121600	260.965484619
2796800	121600	262.558135986
2918400	121600	264.746704102
3040000	121600	266.160461426
-3040000	0	274.270690918
-2918400	0	273.940795898
-2796800	0	273.509887695
-2675200	0	272.262268066
-2553600	0	270.605255127
-2432000	0	268.884552002
-2310400	0	267.287231445
-2188800	0	265.532867432
-2067200	0	264.069213867
-1945600	0	262.769714355
-1824000	0	255.429718018
-1702400	0	249.154678345
-1580800	0	247.678894043
-1459200	0	244.133468628
-1337600	0	242.152893066
-1216000	0	239.677932739
-1094400	0	238.652679443
-972800	0	238.696563721
-851200	0	237.821166992
-729600	0	236.854782104
-608000	0	234.976333618
-486400	0	232.882659912
-364800	0	232.390960693
-243200	0	227.522232056
-121600	0	222.993881226
0	0	222.254257202
121600	0	220.925567627
243200	0	217.888305664
364800	0	218.246429443
486400	0	218.422958374
608000	0	218.404724121
729600	0	216.730270386
851200	0	215.489593506
972800	0	214.947021484
1094400	0	213.625091553
1216000	0	215.525161743
1337600	0	218.733840942
1459200	0	221.463806152
1580800	0	223.106460571
1702400	0	224.484939575
1824000	0	226.807510376
1945600	0	229.20098877
2067200	0	231.689056396
2188800	0	235.711410522
2310400	0	240.674072266
2432000	0	246.389389038
2553600	0	257.194763184
2675200	0	261.319702148
2796800	0	262.696777344
2918400	0	264.657989502
3040000	0	266.067749023
-3040000	-121600	274.340698242
-2918400	-121600	273.971801758
-2796800	-121600	273.407562256
-2675200	-121600	272.285491943
-2553600	-121600	270.767608643
-2432000	-121600	269.18637085
-2310400	-121600	267.562469482
-2188800	-121600	265.722595215
-2067200	-121600	264.374572754
-1945600	-121600	263.442565918
-1824000	-121600	255.713760376
-1702400	-121600	249.988494873
-1580800	-121600	248.963058472
-1459200	-121600	246.454620361
-1337600	-121600	242.201950073
-1216000	-121600	240.483703613
-1094400	-121600	238.501556396
-972800	-121600	237.016372681
-851200	-121600	236.5962677
-729600	-121600	235.419647217
-608000	-121600	234.85395813
-486400	-121600	232.89390564
-364800	-121600	230.356536865
-243200	-121600	228.659637451
-121600	-121600	224.994308472
0	-121600	221.783233643
121600	-121600	219.575088501
243200	-121600	219.200302124
364800	-121600	218.092178345
486400	-121600	218.685928345
608000	-121600	218.621505737
729600	-121600	218.027603149
851200	-121600	217.099151611
972800	-121600	215.498779297
1094400	-121600	214.347793579
1216000	-121600	215.08140564
1337600	-121600	216.599258423
1459200	-121600	218.743087769
1580800	-121600	220.41696167
1702400	-121600	221.933395386
1824000	-121600	224.297912598
1945600	-121600	227.447616577
2067200	-121600	230.550704956
2188800	-121600	234.015228271
2310400	-121600	239.12651062
2432000	-121600	244.657440186
2553600	-121600	253.890396118
2675200	-121600	262.119171143
2796800	-121600	262.862762451
2918400	-121600	264.352386475
3040000	-121600	265.837249756
-3040000	-243200	274.405029297
-2918400	-243200	274.073150635
-2796800	-243200	273.604370117
-2675200	-243200	272.510559082
-2553600	-243200	270.915863037
-2432000	-243200	269.381744385
-2310400	-243200	267.862609863
-2188800	-243200	266.010742188
-2067200	-243200	264.670410156
-1945600	-243200	258.542633057
-1824000	-243200	256.101257324
-1702400	-243200	253.09576416
-1580800	-243200	252.138885498
-1459200	-243200	247.907333374
-1337600	-243200	244.260116577
-1216000	-243200	241.864959717
-1094400	-243200	239.36340332
-972800	-243200	238.991104126
-851200	-243200	239.301559448
-729600	-243200	241.226226807
-608000	-243200	240.857330322
-486400	-243200	238.01675415
-364800	-243200	233.994491577
-243200	-243200	231.963775635
-121600	-243200	229.923248291
0	-243200	225.905715942
121600	-243200	223.179672241
243200	-243200	221.424438477
364800	-243200	220.55519104
486400	-243200	219.838226318
608000	-243200	219.410903931
729600	-243200	218.83013916
851200	-243200	218.107788086
972800	-243200	217.221191406
1094400	-243200	216.77822876
1216000	-243200	216.367721558
1337600	-243200	216.79208374
1459200	-243200	218.366714478
1580800	-243200	219.751495361
1702400	-243200	221.316360474
1824000	-243200	223.853988647
1945600	-243200	227.044555664
2067200	-243200	230.446685791
2188800	-243200	233.172531128
2310400	-243200	237.593444824
2432000	-243200	244.232345581
2553600	-243200	254.207168579
2675200	-243200	260.887908936
2796800	-243200	263.226043701
2918400	-243200	264.165039062
3040000	-243200	265.821777344
-3040000	-364800	274.448059082
-2918400	-364800	274.16784668
-2796800	-364800	273.84387207
-2675200	-364800	272.788360596
-2553600	-364800	271.180725098
-2432000	-364800	269.644104004
-2310400	-364800	268.176635742
-2188800	-364800	266.306213379
-2067200	-364800	264.895965576
-1945600	-364800	260.226654053
-1824000	-364800	256.901672363
-1702400	-364800	259.316223145
-1580800	-364800	255.730606079
-1459200	-364800	249.581192017
-1337600	-364800	245.228240967
-1216000	-364800	243.196792603
-1094400	-364800	240.750839233
-972800	-364800	240.652603149
-851200	-364800	242.496810913
-729600	-364800	244.558929443
-608000	-364800	245.015762329
-486400	-364800	245.55645752
-364800	-364800	246.310455322
-243200	-364800	238.893112183
-121600	-364800	232.228546143
0	-364800	229.452789307
121600	-364800	227.386489868
243200	-364800	224.098968506
364800	-364800	222.822280884
486400	-364800	221.593292236
608000	-364800	221.21546936
729600	-364800	220.632949829
851200	-364800	219.235214233
972800	-364800	218.020736694
1094400	-364800	217.020843506
1216000	-364800	216.664871216
1337600	-364800	216.032363892
1459200	-364800	217.544387817
1580800	-364800	219.707565308
1702400	-364800	222.071380615
1824000	-364800	224.312957764
1945600	-364800	227.210632324
2067200	-364800	230.942932129
2188800	-364800	234.542755127
2310400	-364800	238.982513428
2432000	-364800	243.795135498
2553600	-364800	253.171035767
2675200	-364800	257.074310303
2796800	-364800	263.104034424
2918400	-364800	264.287994385
3040000	-364800	266.241699219
-3040000	-486400	274.498168945
-2918400	-486400	274.237579346
-2796800	-486400	273.941802979
-2675200	-486400	273.091918945
-2553600	-486400	271.559112549
-2432000	-486400	269.836334229
-2310400	-486400	268.197845459
-2188800	-486400	266.495544434
-2067200	-486400	265.029693604
-1945600	-486400	264.672973633
-1824000	-486400	264.373260498
-1702400	-486400	263.310211182
-1580800	-486400	257.537322998
-1459200	-486400	250.714996338
-1337600	-486400	245.318389893
-1216000	-486400	242.974731445
-1094400	-486400	240.732345581
-972800	-486400	241.371688843
-851200	-486400	242.979187012
-729600	-486400	244.339706421
-608000	-486400	243.485183716
-486400	-486400	244.410522461
-364800	-486400	246.188934326
-243200	-486400	243.781387329
-121600	-486400	240.783813477
0	-486400	230.321395874
121600	-486400	229.916992188
243200	-486400	228.155029297
364800	-486400	225.085342407
486400	-486400	223.245773315
608000	-486400	222.217453003
729600	-486400	221.480438232
851200	-486400	220.955917358
972800	-486400	219.57649231
1094400	-486400	218.328765869
1216000	-486400	217.680236816
1337600	-486400	217.815658569
1459200	-486400	218.785247803
1580800	-486400	220.616867065
1702400	-486400	222.449737549
1824000	-486400	224.598739624
1945600	-486400	226.8853302
2067200	-486400	230.868301392
2188800	-486400	235.226516724
2310400	-486400	240.205352783
2432000	-486400	245.683563232
2553600	-486400	253.772628784
2675200	-486400	260.008972168
2796800	-486400	262.641571045
2918400	-486400	264.806304932
3040000	-486400	267.120361328
-3040000	-608000	274.583648682
-2918400	-608000	274.289520264
-2796800	-608000	273.984985352
-2675200	-608000	273.222473145
-2553600	-608000	271.816925049
-2432000	-608000	269.977020264
-2310400	-608000	268.237945557
-2188800	-608000	266.710174561
-2067200	-608000	265.282226562
-1945600	-608000	264.730926514
-1824000	-608000	264.863067627
-1702400	-608000	264.832977295
-1580800	-608000	254.944030762
-1459200	-608000	250.768310547
-1337600	-608000	244.622360229
-1216000	-608000	241.530151367
-1094400	-608000	240.338516235
-972800	-608000	240.41456604
-851200	-608000	242.456680298
-729600	-608000	243.515197754
-608000	-608000	241.801834106
-486400	-608000	240.478607178
-364800	-608000	241.24710083
-243200	-608000	242.372558594
-121600	-608000	243.933166504
0	-608000	242.26651001
121600	-608000	234.340805054
243200	-608000	228.058441162
364800	-608000	227.985580444
486400	-608000	225.328811646
608000	-608000	224.02520752
729600	-608000	222.642272949
851200	-608000	221.425140381
972800	-608000	220.180435181
1094400	-608000	218.678665161
1216000	-608000	218.079681396
1337600	-608000	218.390609741
1459200	-608000	219.031448364
1580800	-608000	220.548965454
1702400	-608000	222.636001587
1824000	-608000	225.19303894
1945600	-608000	227.744918823
2067200	-608000	231.717681885
2188800	-608000	235.92036438
2310400	-608000	239.435287476
2432000	-608000	245.696548462
2553600	-608000	255.018249512
2675200	-608000	262.473449707
2796800	-608000	263.492095947
2918400	-608000	265.857818604
3040000	-608000	268.240631104
-3040000	-729600	274.725219727
-2918400	-729600	274.399414062
-2796800	-729600	274.070739746
-2675200	-729600	273.365661621
-2553600	-729600	271.993927002
-2432000	-729600	269.922607422
-2310400	-729600	267.992706299
-2188800	-729600	266.658691406
-2067200	-729600	265.315948486
-1945600	-729600	264.413024902
-1824000	-729600	264.633636475
-1702400	-729600	264.579376221
-1580800	-729600	256.808074951
-1459200	-729600	249.929595947
-1337600	-729600	243.872116089
-1216000	-729600	240.508728027
-1094400	-729600	240.244613647
-972800	-729600	240.552871704
-851200	-729600	243.283325195
-729600	-729600	243.361083984
-608000	-729600	240.052108765
-486400	-729600	239.227630615
-364800	-729600	238.156799316
-243200	-729600	239.157699585
-121600	-729600	241.888977051
0	-729600	241.386672974
121600	-729600	241.564498901
243200	-729600	234.256118774
364800	-729600	230.740722656
486400	-729600	227.978042603
608000	-729600	225.204940796
729600	-729600	224.538604736
851200	-729600	222.673843384
972800	-729600	220.405349731
1094400	-729600	219.067977905
1216000	-729600	219.285369873
1337600	-729600	218.606445312
1459200	-729600	219.136367798
1580800	-729600	220.836120605
1702400	-729600	224.341583252
1824000	-729600	227.893951416
1945600	-729600	230.829879761
2067200	-729600	234.655914307
2188800	-729600	238.754989624
2310400	-729600	243.592132568
2432000	-729600	250.961547852
2553600	-729600	261.951751709
2675200	-729600	262.872070312
2796800	-729600	264.37310791
2918400	-729600	267.18838501
3040000	-729600	269.481262207
-3040000	-851200	274.904998779
-2918400	-851200	274.580078125
-2796800	-851200	274.215270996
-2675200	-851200	273.603515625
-2553600	-851200	272.195068359
-2432000	-851200	269.925689697
-2310400	-851200	267.907928467
-2188800	-851200	266.603179932
-2067200	-851200	265.366577148
-1945600	-851200	264.130828857
-1824000	-851200	263.7159729
-1702400	-851200	263.506835938
-1580800	-851200	261.591705322
-1459200	-851200	253.084060669
-1337600	-851200	246.583724976
-1216000	-851200	238.7003479
-1094400	-851200	239.6068573
-972800	-851200	241.816879272
-851200	-851200	243.153579712
-729600	-851200	240.970245361
-608000	-851200	240.259216309
-486400	-851200	238.554611206
-364800	-851200	237.124053955
-243200	-851200	237.234848022
-121600	-851200	238.774307251
0	-851200	240.305892944
121600	-851200	240.160858154
243200	-851200	243.028244019
364800	-851200	233.480316162
486400	-851200	232.865890503
608000	-851200	225.899719238
729600	-851200	224.418838501
851200	-851200	223.67767334
972800	-851200	222.298141479
1094400	-851200	221.171600342
1216000	-851200	218.948059082
1337600	-851200	219.234191895
1459200	-851200	220.245620728
1580800	-851200	223.11277771
1702400	-851200	227.15574646
1824000	-851200	230.490020752
1945600	-851200	234.47492981
2067200	-851200	238.512649536
2188800	-851200	242.990768433
2310400	-851200	249.98727417
2432000	-851200	262.214263916
2553600	-851200	263.110565186
2675200	-851200	263.677459717
2796800	-851200	265.630859375
2918400	-851200	268.658721924
3040000	-851200	270.702728271
-3040000	-972800	275.098632812
-2918400	-972800	274.807647705
-2796800	-972800	274.541503906
-2675200	-972800	273.957733154
-2553600	-972800	272.783050537
-2432000	-972800	270.646392822
-2310400	-972800	268.333374023
-2188800	-972800	266.74206543
-2067200	-972800	265.526031494
-1945600	-972800	264.114257812
-1824000	-972800	263.192474365
-1702400	-972800	263.066650391
-1580800	-972800	262.600799561
-1459200	-972800	255.849258423
-1337600	-972800	252.409667969
-1216000	-972800	244.04069519
-1094400	-972800	239.664779663
-972800	-972800	241.578887939
-851200	-972800	243.344696045
-729600	-972800	242.245727539
-608000	-972800	242.553192139
-486400	-972800	237.518234253
-364800	-972800	236.593338013
-243200	-972800	236.2134552
-121600	-972800	236.794235229
0	-972800	238.28868103
121600	-972800	238.8959198
243200	-972800	239.665298462
364800	-972800	243.255844116
486400	-972800	231.312088013
608000	-972800	226.01789856
729600	-972800	223.695709229
851200	-972800	223.228561401
972800	-972800	222.825439453
1094400	-972800	222.31111145
1216000	-972800	222.31098938
1337600	-972800	221.858230591
1459200	-972800	222.377456665
1580800	-972800	225.1197052
1702400	-972800	228.904052734
1824000	-972800	232.345718384
1945600	-972800	236.919067383
2067200	-972800	241.891784668
2188800	-972800	248.304702759
2310400	-972800	250.424865723
2432000	-972800	255.178283691
2553600	-972800	264.022644043
2675200	-972800	265.094482422
2796800	-972800	267.19543457
2918400	-972800	270.090270996
3040000	-972800	271.782196045
-3040000	-1094400	275.282806396
-2918400	-1094400	275.012664795
-2796800	-1094400	274.813964844
-2675200	-1094400	274.318664551
-2553600	-1094400	273.158538818
-2432000	-1094400	271.251861572
-2310400	-1094400	268.805145264
-2188800	-1094400	266.809631348
-2067200	-1094400	265.446014404
-1945600	-1094400	264.178833008
-1824000	-1094400	263.059295654
-1702400	-1094400	262.709381104
-1580800	-1094400	262.626922607
-1459200	-1094400	259.023010254
-1337600	-1094400	259.904144287
-1216000	-1094400	251.806015015
-1094400	-1094400	246.268508911
-972800	-1094400	242.603103638
-851200	-1094400	244.905502319
-729600	-1094400	244.53465271
-608000	-1094400	243.728897095
-486400	-1094400	239.488983154
-364800	-1094400	238.877868652
-243200	-1094400	237.051300049
-121600	-1094400	236.805511475
0	-1094400	237.526931763
121600	-1094400	238.57421875
243200	-1094400	240.248931885
364800	-1094400	242.587814331
486400	-1094400	232.89666748
608000	-1094400	226.466384888
729600	-1094400	223.6302948
851200	-1094400	223.278198242
972800	-1094400	223.01083374
1094400	-1094400	222.574249268
1216000	-1094400	223.275558472
1337600	-1094400	223.400268555
1459200	-1094400	223.619262695
1580800	-1094400	226.477996826
1702400	-1094400	230.452056885
1824000	-1094400	234.420944214
1945600	-1094400	239.335784912
2067200	-1094400	245.2315979
2188800	-1094400	252.354293823
2310400	-1094400	256.520050049
2432000	-1094400	262.45690918
2553600	-1094400	264.53024292
2675200	-1094400	266.055755615
2796800	-1094400	268.691741943
2918400	-1094400	271.405090332
3040000	-1094400	272.514678955
-3040000	-1216000	275.417144775
-2918400	-1216000	275.141448975
-2796800	-1216000	274.99710083
-2675200	-1216000	274.527526855
-2553600	-1216000	273.535644531
-2432000	-1216000	272.010528564
-2310400	-1216000	269.637817383
-2188800	-1216000	267.128601074
-2067200	-1216000	265.467773438
-1945600	-1216000	264.354034424
-1824000	-1216000	263.20135498
-1702400	-1216000	262.358978271
-1580800	-1216000	262.25177002
-1459200	-1216000	262.26953125
-1337600	-1216000	261.940734863
-1216000	-1216000	261.000976562
-1094400	-1216000	257.899597168
-972800	-1216000	252.737945557
-851200	-1216000	249.229003906
-729600	-1216000	247.213745117
-608000	-1216000	249.260971069
-486400	-1216000	246.696289062
-364800	-1216000	246.850708008
-243200	-1216000	240.679870605
-121600	-1216000	239.07220459
0	-1216000	238.503921509
121600	-1216000	239.366165161
243200	-1216000	240.913711548
364800	-1216000	240.273529053
486400	-1216000	230.14276123
608000	-1216000	226.457901001
729600	-1216000	224.240737915
851200	-1216000	223.725280762
972800	-1216000	224.005889893
1094400	-1216000	224.031066895
1216000	-1216000	224.44934082
1337600	-1216000	224.557174683
1459200	-1216000	225.636962891
1580800	-1216000	228.063079834
1702400	-1216000	232.204376221
1824000	-1216000	236.213272095
1945600	-1216000	241.321960449
2067200	-1216000	248.159866333
2188800	-1216000	257.713684082
2310400	-1216000	262.324768066
2432000	-1216000	263.480102539
2553600	-1216000	264.986358643
2675200	-1216000	267.214233398
2796800	-1216000	270.359954834
2918400	-1216000	272.763427734
3040000	-1216000	273.120727539
-3040000	-1337600	275.501678467
-2918400	-1337600	275.202575684
-2796800	-1337600	274.988098145
-2675200	-1337600	274.604705811
-2553600	-1337600	273.932525635
-2432000	-1337600	272.762695312
-2310400	-1337600	270.624389648
-2188800	-1337600	267.952972412
-2067200	-1337600	265.901306152
-1945600	-1337600	264.678131104
-1824000	-1337600	263.61038208
-1702400	-1337600	262.581176758
-1580800	-1337600	262.049194336
-1459200	-1337600	261.994049072
-1337600	-1337600	262.057403564
-1216000	-1337600	261.967102051
-1094400	-1337600	262.085845947
-972800	-1337600	261.687591553
-851200	-1337600	260.317718506
-729600	-1337600	260.352203369
-608000	-1337600	259.747833252
-486400	-1337600	258.515380859
-364800	-1337600	257.14831543
-243200	-1337600	255.508636475
-121600	-1337600	254.573852539
0	-1337600	253.014862061
121600	-1337600	243.149337769
243200	-1337600	248.248168945
364800	-1337600	254.347076416
486400	-1337600	234.607803345
608000	-1337600	230.13633728
729600	-1337600	226.637130737
851200	-1337600	224.840042114
972800	-1337600	224.846786499
1094400	-1337600	225.688964844
1216000	-1337600	226.324829102
1337600	-1337600	227.614700317
1459200	-1337600	228.549301147
1580800	-1337600	230.672164917
1702400	-1337600	234.076431274
1824000	-1337600	237.934814453
1945600	-1337600	242.95324707
2067200	-1337600	250.218490601
2188800	-1337600	260.348632812
2310400	-1337600	263.615936279
2432000	-1337600	264.900726318
2553600	-1337600	266.827911377
2675200	-1337600	269.181976318
2796800	-1337600	272.023345947
2918400	-1337600	273.623382568
3040000	-1337600	273.430389404
-3040000	-1459200	275.583770752
-2918400	-1459200	275.271697998
-2796800	-1459200	275.004119873
-2675200	-1459200	274.663909912
-2553600	-1459200	274.163391113
-2432000	-1459200	273.304199219
-2310400	-1459200	271.748016357
-2188800	-1459200	269.397979736
-2067200	-1459200	267.097259521
-1945600	-1459200	265.372131348
-1824000	-1459200	264.294189453
-1702400	-1459200	263.417022705
-1580800	-1459200	262.644378662
-1459200	-1459200	262.178100586
-1337600	-1459200	262.045928955
-1216000	-1459200	261.894104004
-1094400	-1459200	261.623016357
-972800	-1459200	261.514953613
-851200	-1459200	261.166351318
-729600	-1459200	260.373016357
-608000	-1459200	259.76574707
-486400	-1459200	259.093994141
-364800	-1459200	258.445007324
-243200	-1459200	257.947723389
-121600	-1459200	257.524719238
0	-1459200	257.097747803
121600	-1459200	257.065795898
243200	-1459200	256.173492432
364800	-1459200	256.602661133
486400	-1459200	243.052444458
608000	-1459200	234.632354736
729600	-1459200	229.350021362
851200	-1459200	226.272644043
972800	-1459200	226.259872437
1094400	-1459200	227.281799316
1216000	-1459200	228.306945801
1337600	-1459200	229.388320923
1459200	-1459200	230.859161377
1580800	-1459200	232.553146362
1702400	-1459200	236.456665039
1824000	-1459200	241.45703125
1945600	-1459200	247.328918457
2067200	-1459200	254.592803955
2188800	-1459200	263.142913818
2310400	-1459200	264.603790283
2432000	-1459200	267.320343018
2553600	-1459200	269.497253418
2675200	-1459200	271.332794189
2796800	-1459200	273.162414551
2918400	-1459200	273.883392334
3040000	-1459200	273.544647217
-3040000	-1580800	275.70690918
-2918400	-1580800	275.392944336
-2796800	-1580800	275.038726807
-2675200	-1580800	274.689300537
-2553600	-1580800	274.312133789
-2432000	-1580800	273.745422363
-2310400	-1580800	272.771179199
-2188800	-1580800	271.072784424
-2067200	-1580800	268.708679199
-1945600	-1580800	266.57925415
-1824000	-1580800	265.201782227
-1702400	-1580800	264.332794189
-1580800	-1580800	263.478942871
-1459200	-1580800	262.544677734
-1337600	-1580800	261.950195312
-1216000	-1580800	261.558197021
-1094400	-1580800	261.030914307
-972800	-1580800	260.40802002
-851200	-1580800	259.873657227
-729600	-1580800	259.410736084
-608000	-1580800	258.805358887
-486400	-1580800	257.891906738
-364800	-1580800	257.30178833
-243200	-1580800	257.534088135
-121600	-1580800	258.031219482
0	-1580800	257.935394287
121600	-1580800	257.319702148
243200	-1580800	256.040740967
364800	-1580800	256.483673096
486400	-1580800	245.803588867
608000	-1580800	234.062683105
729600	-1580800	229.813079834
851200	-1580800	228.239196777
972800	-1580800	228.546646118
1094400	-1580800	229.409973145
1216000	-1580800	230.785171509
1337600	-1580800	231.163101196
1459200	-1580800	231.75050354
1580800	-1580800	233.160873413
1702400	-1580800	238.065185547
1824000	-1580800	245.397033691
1945600	-1580800	256.375061035
2067200	-1580800	261.7215271
2188800	-1580800	263.929992676
2310400	-1580800	266.965515137
2432000	-1580800	269.855499268
2553600	-1580800	271.540466309
2675200	-1580800	272.696655273
2796800	-1580800	273.593688965
2918400	-1580800	273.890960693
3040000	-1580800	273.669525146
-3040000	-1702400	275.866424561
-2918400	-1702400	275.569732666
-2796800	-1702400	275.199249268
-2675200	-1702400	274.801330566
-2553600	-1702400	274.441040039
-2432000	-1702400	274.014770508
-2310400	-1702400	273.329162598
-2188800	-1702400	272.096923828
-2067200	-1702400	270.203979492
-1945600	-1702400	267.99105835
-1824000	-1702400	266.063568115
-1702400	-1702400	264.709106445
-1580800	-1702400	263.850708008
-1459200	-1702400	262.931518555
-1337600	-1702400	262.108184814
-1216000	-1702400	261.376922607
-1094400	-1702400	260.665771484
-972800	-1702400	259.857910156
-851200	-1702400	259.254150391
-729600	-1702400	258.826599121
-608000	-1702400	258.312561035
-486400	-1702400	257.523223877
-364800	-1702400	256.875701904
-243200	-1702400	257.12286377
-121600	-1702400	258.10559082
0	-1702400	258.478210449
121600	-1702400	257.828369141
243200	-1702400	256.110656738
364800	-1702400	255.068969727
486400	-1702400	238.150466919
608000	-1702400	230.114334106
729600	-1702400	230.029830933
851200	-1702400	230.925506592
972800	-1702400	231.45350647
1094400	-1702400	232.507843018
1216000	-1702400	233.861724854
1337600	-1702400	234.679443359
1459200	-1702400	235.402191162
1580800	-1702400	236.245666504
1702400	-1702400	241.105178833
1824000	-1702400	247.441940308
1945600	-1702400	254.940383911
2067200	-1702400	263.351867676
2188800	-1702400	265.943145752
2310400	-1702400	269.437713623
2432000	-1702400	271.708374023
2553600	-1702400	272.703826904
2675200	-1702400	273.335723877
2796800	-1702400	273.810974121
2918400	-1702400	273.974731445
3040000	-1702400	273.920898438
-3040000	-1824000	276.063049316
-2918400	-1824000	275.777679443
-2796800	-1824000	275.440460205
-2675200	-1824000	274.993560791
-2553600	-1824000	274.50869751
-2432000	-1824000	274.130065918
-2310400	-1824000	273.606933594
-2188800	-1824000	272.663208008
-2067200	-1824000	271.126098633
-1945600	-1824000	268.990783691
-1824000	-1824000	266.743682861
-1702400	-1824000	265.085266113
-1580800	-1824000	264.103088379
-1459200	-1824000	263.324462891
-1337600	-1824000	262.534423828
-1216000	-1824000	261.640350342
-1094400	-1824000	260.839172363
-972800	-1824000	260.093078613
-851200	-1824000	259.541442871
-729600	-1824000	259.117431641
-608000	-1824000	258.681732178
-486400	-1824000	258.12097168
-364800	-1824000	257.550170898
-243200	-1824000	257.593933105
-121600	-1824000	258.31451416
0	-1824000	258.726013184
121600	-1824000	258.80166626
243200	-1824000	257.353363037
364800	-1824000	244.126647949
486400	-1824000	233.664627075
608000	-1824000	237.860626221
729600	-1824000	234.649856567
851200	-1824000	234.834854126
972800	-1824000	236.243515015
1094400	-1824000	237.539321899
1216000	-1824000	238.712158203
1337600	-1824000	240.257278442
1459200	-1824000	242.400939941
1580800	-1824000	242.752502441
1702400	-1824000	246.913406372
1824000	-1824000	254.344894409
1945600	-1824000	263.328369141
2067200	-1824000	265.32208252
2188800	-1824000	268.616546631
2310400	-1824000	271.500396729
2432000	-1824000	272.744720459
2553600	-1824000	273.31060791
2675200	-1824000	273.712097168
2796800	-1824000	273.993804932
2918400	-1824000	274.184570312
3040000	-1824000	274.212890625
-3040000	-1945600	276.270324707
-2918400	-1945600	276.001098633
-2796800	-1945600	275.749542236
-2675200	-1945600	275.144866943
-2553600	-1945600	274.514709473
-2432000	-1945600	274.138427734
-2310400	-1945600	273.74621582
-2188800	-1945600	273.01940918
-2067200	-1945600	271.692565918
-1945600	-1945600	269.812438965
-1824000	-1945600	267.810455322
-1702400	-1945600	266.142486572
-1580800	-1945600	264.905426025
-1459200	-1945600	263.949157715
-1337600	-1945600	263.061462402
-1216000	-1945600	262.181549072
-1094400	-1945600	261.430480957
-972800	-1945600	260.870666504
-851200	-1945600	260.426879883
-729600	-1945600	260.00894165
-608000	-1945600	259.547912598
-486400	-1945600	259.042358398
-364800	-1945600	258.552642822
-243200	-1945600	258.502593994
-121600	-1945600	258.890991211
0	-1945600	259.107208252
121600	-1945600	259.572540283
243200	-1945600	259.078948975
364800	-1945600	240.261550903
486400	-1945600	238.06489563
608000	-1945600	242.932281494
729600	-1945600	239.916809082
851200	-1945600	239.964309692
972800	-1945600	242.72328186
1094400	-1945600	244.140075684
1216000	-1945600	245.526504517
1337600	-1945600	247.563156128
1459200	-1945600	249.535583496
1580800	-1945600	250.839599609
1702400	-1945600	258.543884277
1824000	-1945600	261.925933838
1945600	-1945600	264.652862549
2067200	-1945600	268.039733887
2188800	-1945600	271.095947266
2310400	-1945600	272.779663086
2432000	-1945600	273.389526367
2553600	-1945600	273.744995117
2675200	-1945600	274.005554199
2796800	-1945600	274.204803467
2918400	-1945600	274.476593018
3040000	-1945600	274.548950195
-3040000	-2067200	276.465942383
-2918400	-2067200	276.225463867
-2796800	-2067200	275.961120605
-2675200	-2067200	275.312744141
-2553600	-2067200	274.595336914
-2432000	-2067200	274.171173096
-2310400	-2067200	273.8074646
-2188800	-2067200	273.258605957
-2067200	-2067200	272.276611328
-1945600	-2067200	270.736938477
-1824000	-2067200	269.136169434
-1702400	-2067200	267.613739014
-1580800	-2067200	266.152435303
-1459200	-2067200	264.852874756
-1337600	-2067200	263.760192871
-1216000	-2067200	262.878570557
-1094400	-2067200	262.347076416
-972800	-2067200	261.948577881
-851200	-2067200	261.535186768
-729600	-2067200	261.07699585
-608000	-2067200	260.61807251
-486400	-2067200	260.205169678
-364800	-2067200	259.794250488
-243200	-2067200	259.617980957
-121600	-2067200	259.6824646
0	-2067200	259.686004639
121600	-2067200	259.950805664
243200	-2067200	260.051605225
364800	-2067200	259.02835083
486400	-2067200	255.797653198
608000	-2067200	256.294281006
729600	-2067200	252.665756226
851200	-2067200	248.321273804
972800	-2067200	251.045120239
1094400	-2067200	253.174224854
1216000	-2067200	258.929870605
1337600	-2067200	259.802642822
1459200	-2067200	258.657562256
1580800	-2067200	261.66305542
1702400	-2067200	262.540740967
1824000	-2067200	264.774658203
1945600	-2067200	267.549255371
2067200	-2067200	270.655548096
2188800	-2067200	272.573486328
2310400	-2067200	273.4324646
2432000	-2067200	273.792816162
2553600	-2067200	274.064788818
2675200	-2067200	274.275146484
2796800	-2067200	274.517578125
2918400	-2067200	274.82925415
3040000	-2067200	274.903137207
-3040000	-2188800	276.657287598
-2918400	-2188800	276.463562012
-2796800	-2188800	276.300598145
-2675200	-2188800	275.602783203
-2553600	-2188800	274.79498291
-2432000	-2188800	274.276184082
-2310400	-2188800	273.874725342
-2188800	-2188800	273.403137207
-2067200	-2188800	272.705535889
-1945600	-2188800	271.592895508
-1824000	-2188800	270.343780518
-1702400	-2188800	269.010955811
-1580800	-2188800	267.544769287
-1459200	-2188800	266.084564209
-1337600	-2188800	264.854400635
-1216000	-2188800	263.968017578
-1094400	-2188800	263.475494385
-972800	-2188800	263.118164062
-851200	-2188800	262.68460083
-729600	-2188800	262.209747314
-608000	-2188800	261.812408447
-486400	-2188800	261.421112061
-364800	-2188800	261.120056152
-243200	-2188800	260.932495117
-121600	-2188800	260.727508545
0	-2188800	260.603729248
121600	-2188800	260.59085083
243200	-2188800	260.704437256
364800	-2188800	260.383056641
486400	-2188800	260.126983643
608000	-2188800	259.872406006
729600	-2188800	259.473632812
851200	-2188800	259.699829102
972800	-2188800	259.794830322
1094400	-2188800	259.826507568
1216000	-2188800	260.476959229
1337600	-2188800	261.669006348
1459200	-2188800	262.662353516
1580800	-2188800	263.735565186
1702400	-2188800	265.695281982
1824000	-2188800	268.08001709
1945600	-2188800	270.29510498
2067200	-2188800	272.083587646
2188800	-2188800	273.212524414
2310400	-2188800	273.786193848
2432000	-2188800	274.145996094
2553600	-2188800	274.378601074
2675200	-2188800	274.588928223
2796800	-2188800	274.832977295
2918400	-2188800	275.158660889
3040000	-2188800	275.264587402
-3040000	-2310400	276.858215332
-2918400	-2310400	276.702789307
-2796800	-2310400	276.668243408
-2675200	-2310400	276.039031982
-2553600	-2310400	275.157897949
-2432000	-2310400	274.470336914
-2310400	-2310400	274.009155273
-2188800	-2310400	273.559326172
-2067200	-2310400	273.009460449
-1945600	-2310400	272.249908447
-1824000	-2310400	271.361999512
-1702400	-2310400	270.31817627
-1580800	-2310400	269.032043457
-1459200	-2310400	267.669555664
-1337600	-2310400	266.450317383
-1216000	-2310400	265.501464844
-1094400	-2310400	264.810668945
-972800	-2310400	264.347900391
-851200	-2310400	263.910369873
-729600	-2310400	263.471588135
-608000	-2310400	263.02947998
-486400	-2310400	262.698150635
-364800	-2310400	262.50982666
-243200	-2310400	262.33984375
-121600	-2310400	262.093078613
0	-2310400	261.892425537
121600	-2310400	261.729156494
243200	-2310400	261.885772705
364800	-2310400	262.049499512
486400	-2310400	262.024993896
608000	-2310400	262.11517334
729600	-2310400	261.874145508
851200	-2310400	261.580383301
972800	-2310400	261.455474854
1094400	-2310400	261.501861572
1216000	-2310400	261.943695068
1337600	-2310400	262.964752197
1459200	-2310400	264.492980957
1580800	-2310400	266.618652344
1702400	-2310400	268.679870605
1824000	-2310400	270.53604126
1945600	-2310400	271.956451416
2067200	-2310400	273.047241211
2188800	-2310400	273.736724854
2310400	-2310400	274.163024902
2432000	-2310400	274.477020264
2553600	-2310400	274.720672607
2675200	-2310400	274.936401367
2796800	-2310400	275.194946289
2918400	-2310400	275.555267334
3040000	-2310400	275.709533691
-3040000	-2432000	277.00970459
-2918400	-2432000	276.90536499
-2796800	-2432000	277.01751709
-2675200	-2432000	276.502075195
-2553600	-2432000	275.700408936
-2432000	-2432000	274.89944458
-2310400	-2432000	274.337005615
-2188800	-2432000	273.870941162
-2067200	-2432000	273.371337891
-1945600	-2432000	272.784851074
-1824000	-2432000	272.148834229
-1702400	-2432000	271.436676025
-1580800	-2432000	270.514709473
-1459200	-2432000	269.322479248
-1337600	-2432000	268.110412598
-1216000	-2432000	267.065155029
-1094400	-2432000	266.293334961
-972800	-2432000	265.744232178
-851200	-2432000	265.247283936
-729600	-2432000	264.779388428
-608000	-2432000	264.356323242
-486400	-2432000	264.0987854
-364800	-2432000	264.006134033
-243200	-2432000	263.951477051
-121600	-2432000	263.74432373
0	-2432000	263.659210205
121600	-2432000	263.548461914
243200	-2432000	263.629699707
364800	-2432000	263.932403564
486400	-2432000	264.113372803
608000	-2432000	264.409088135
729600	-2432000	264.708831787
851200	-2432000	264.255737305
972800	-2432000	264.093139648
1094400	-2432000	264.350250244
1216000	-2432000	264.862731934
1337600	-2432000	265.775360107
1459200	-2432000	267.352172852
1580800	-2432000	269.188873291
1702400	-2432000	270.830444336
1824000	-2432000	272.236724854
1945600	-2432000	273.200927734
2067200	-2432000	273.800323486
2188800	-2432000	274.190612793
2310400	-2432000	274.51739502
2432000	-2432000	274.800079346
2553600	-2432000	275.099182129
2675200	-2432000	275.381408691
2796800	-2432000	275.690063477
2918400	-2432000	276.102508545
3040000	-2432000	276.200775146
-3040000	-2553600	277.080108643
-2918400	-2553600	277.024047852
-2796800	-2553600	277.083190918
-2675200	-2553600	276.817596436
-2553600	-2553600	276.21295166
-2432000	-2553600	275.463653564
-2310400	-2553600	274.804046631
-2188800	-2553600	274.241912842
-2067200	-2553600	273.696044922
-1945600	-2553600	273.093505859
-1824000	-2553600	272.493743896
-1702400	-2553600	271.982025146
-1580800	-2553600	271.255187988
-1459200	-2553600	270.121490479
-1337600	-2553600	268.957061768
-1216000	-2553600	268.022125244
-1094400	-2553600	267.354431152
-972800	-2553600	266.800720215
-851200	-2553600	266.237609863
-729600	-2553600	265.77444458
-608000	-2553600	265.422790527
-486400	-2553600	265.213348389
-364800	-2553600	265.107727051
-243200	-2553600	265.037719727
-121600	-2553600	264.936859131
0	-2553600	265.073516846
121600	-2553600	265.156219482
243200	-2553600	265.175048828
364800	-2553600	265.259216309
486400	-2553600	265.404418945
608000	-2553600	265.565704346
729600	-2553600	265.829864502
851200	-2553600	265.840270996
972800	-2553600	265.922912598
1094400	-2553600	266.350036621
1216000	-2553600	267.00088501
1337600	-2553600	267.908813477
1459200	-2553600	269.000030518
1580800	-2553600	270.372558594
1702400	-2553600	271.67489624
1824000	-2553600	272.75201416
1945600	-2553600	273.476867676
2067200	-2553600	273.913848877
2188800	-2553600	274.256988525
2310400	-2553600	274.615783691
2432000	-2553600	274.948669434
2553600	-2553600	275.247497559
2675200	-2553600	275.524047852
2796800	-2553600	275.79473877
2918400	-2553600	276.029205322
3040000	-2553600	275.944030762
-3040000	-2675200	277.105865479
-2918400	-2675200	277.046966553
-2796800	-2675200	277.076873779
-2675200	-2675200	276.949798584
-2553600	-2675200	276.515777588
-2432000	-2675200	275.886566162
-2310400	-2675200	275.208831787
-2188800	-2675200	274.585601807
-2067200	-2675200	273.940856934
-1945600	-2675200	273.270874023
-1824000	-2675200	272.593109131
-1702400	-2675200	271.983306885
-1580800	-2675200	271.234924316
-1459200	-2675200	270.247009277
-1337600	-2675200	269.293151855
-1216000	-2675200	268.566253662
-1094400	-2675200	267.973083496
-972800	-2675200	267.444549561
-851200	-2675200	266.909454346
-729600	-2675200	266.474273682
-608000	-2675200	266.148468018
-486400	-2675200	265.924743652
-364800	-2675200	265.742736816
-243200	-2675200	265.541320801
-121600	-2675200	265.563964844
0	-2675200	265.90133667
121600	-2675200	266.053375244
243200	-2675200	266.058166504
364800	-2675200	265.941650391
486400	-2675200	265.822265625
608000	-2675200	265.804229736
729600	-2675200	266.085998535
851200	-2675200	266.376678467
972800	-2675200	266.654815674
1094400	-2675200	267.163482666
1216000	-2675200	267.87588501
1337600	-2675200	268.743774414
1459200	-2675200	269.649658203
1580800	-2675200	270.654876709
1702400	-2675200	271.718322754
1824000	-2675200	272.599121094
1945600	-2675200	273.246246338
2067200	-2675200	273.697662354
2188800	-2675200	274.123291016
2310400	-2675200	274.541442871
2432000	-2675200	274.888763428
2553600	-2675200	275.153381348
2675200	-2675200	275.360900879
2796800	-2675200	275.518829346
2918400	-2675200	275.566223145
3040000	-2675200	275.392303467
-3040000	-2796800	277.169647217
-2918400	-2796800	277.050354004
-2796800	-2796800	277.029296875
-2675200	-2796800	276.942810059
-2553600	-2796800	276.652191162
-2432000	-2796800	276.132385254
-2310400	-2796800	275.509979248
-2188800	-2796800	274.848876953
-2067200	-2796800	274.081970215
-1945600	-2796800	273.291717529
-1824000	-2796800	272.528320312
-1702400	-2796800	271.836334229
-1580800	-2796800	271.127746582
-1459200	-2796800	270.366485596
-1337600	-2796800	269.736602783
-1216000	-2796800	269.153198242
-1094400	-2796800	268.606048584
-972800	-2796800	268.085540771
-851200	-2796800	267.589630127
-729600	-2796800	267.174865723
-608000	-2796800	266.841400146
-486400	-2796800	266.572418213
-364800	-2796800	266.372131348
-243200	-2796800	266.157012939
-121600	-2796800	266.163269043
0	-2796800	266.356781006
121600	-2796800	266.373657227
243200	-2796800	266.311340332
364800	-2796800	266.048187256
486400	-2796800	265.736999512
608000	-2796800	265.665344238
729600	-2796800	266.047668457
851200	-2796800	266.549102783
972800	-2796800	266.979766846
1094400	-2796800	267.550567627
1216000	-2796800	268.332580566
1337600	-2796800	269.171630859
1459200	-2796800	270.005859375
1580800	-2796800	270.793518066
1702400	-2796800	271.622375488
1824000	-2796800	272.407226562
1945600	-2796800	273.092895508
2067200	-2796800	273.631866455
2188800	-2796800	274.084991455
2310400	-2796800	274.520599365
2432000	-2796800	274.857788086
2553600	-2796800	275.112762451
2675200	-2796800	275.283599854
2796800	-2796800	275.366943359
2918400	-2796800	275.332305908
3040000	-2796800	275.113220215
-3040000	-2918400	277.279754639
-2918400	-2918400	277.089599609
-2796800	-2918400	276.926879883
-2675200	-2918400	276.805053711
-2553600	-2918400	276.600036621
-2432000	-2918400	276.204071045
-2310400	-2918400	275.654846191
-2188800	-2918400	274.935668945
-2067200	-2918400	274.035675049
-1945600	-2918400	273.052124023
-1824000	-2918400	272.299926758
-1702400	-2918400	271.727020264
-1580800	-2918400	271.174133301
-1459200	-2918400	270.589996338
-1337600	-2918400	270.073760986
-1216000	-2918400	269.592681885
-1094400	-2918400	269.105163574
-972800	-2918400	268.5909729
-851200	-2918400	268.09262085
-729600	-2918400	267.670318604
-608000	-2918400	267.317932129
-486400	-2918400	267.02041626
-364800	-2918400	266.828430176
-243200	-2918400	266.655181885
-121600	-2918400	266.535491943
0	-2918400	266.439300537
121600	-2918400	266.303527832
243200	-2918400	266.195526123
364800	-2918400	265.954223633
486400	-2918400	265.712921143
608000	-2918400	265.737335205
729600	-2918400	266.137359619
851200	-2918400	266.657836914
972800	-2918400	267.118713379
1094400	-2918400	267.673980713
1216000	-2918400	268.477661133
1337600	-2918400	269.309753418
1459200	-2918400	270.104705811
1580800	-2918400	270.823608398
1702400	-2918400	271.541259766
1824000	-2918400	272.314483643
1945600	-2918400	273.059631348
2067200	-2918400	273.68182373
2188800	-2918400	274.134063721
2310400	-2918400	274.55291748
2432000	-2918400	274.883880615
2553600	-2918400	275.122344971
2675200	-2918400	275.285491943
2796800	-2918400	275.341400146
2918400	-2918400	275.272613525
3040000	-2918400	275.022644043
-3040000	-3040000	295.826873779
-2918400	-3040000	277.135467529
-2796800	-3040000	276.878753662
-2675200	-3040000	276.67565918
-2553600	-3040000	276.474273682
-2432000	-3040000	276.158630371
-2310400	-3040000	275.659667969
-2188800	-3040000	274.95211792
-2067200	-3040000	273.995056152
-1945600	-3040000	272.964599609
-1824000	-3040000	272.331329346
-1702400	-3040000	271.837524414
-1580800	-3040000	271.320892334
-1459200	-3040000	270.727783203
-1337600	-3040000	270.18927002
-1216000	-3040000	269.729980469
-1094400	-3040000	269.291290283
-972800	-3040000	268.822052002
-851200	-3040000	268.345123291
-729600	-3040000	267.914855957
-608000	-3040000	267.53527832
-486400	-3040000	267.210632324
-364800	-3040000	266.992889404
-243200	-3040000	266.840881348
-121600	-3040000	266.653198242
0	-3040000	266.466003418
121600	-3040000	266.318817139
243200	-3040000	266.225372314
364800	-3040000	266.139312744
486400	-3040000	266.098907471
608000	-3040000	266.20123291
729600	-3040000	266.471801758
851200	-3040000	266.81817627
972800	-3040000	267.19821167
1094400	-3040000	267.711700439
1216000	-3040000	268.477996826
1337600	-3040000	269.31427002
1459200	-3040000	270.116485596
1580800	-3040000	270.88848877
1702400	-3040000	271.636413574
1824000	-3040000	272.391998291
1945600	-3040000	273.098754883
2067200	-3040000	273.710083008
2188800	-3040000	274.184295654
2310400	-3040000	274.639038086
2432000	-3040000	274.972991943
2553600	-3040000	275.180114746
2675200	-3040000	275.328125
2796800	-3040000	275.390289307
2918400	-3040000	275.313140869
3040000	-3040000	293.311950684
