-3040000	3040000	NaN
-2918400	3040000	NaN
-2796800	3040000	NaN
-2675200	3040000	NaN
-2553600	3040000	NaN
-2432000	3040000	NaN
-2310400	3040000	NaN
-2188800	3040000	NaN
-2067200	3040000	NaN
-1945600	3040000	NaN
-1824000	3040000	NaN
-1702400	3040000	NaN
-1580800	3040000	NaN
-1459200	3040000	NaN
-1337600	3040000	272.705383301
-1216000	3040000	272.611724854
-1094400	3040000	272.541992188
-972800	3040000	272.491638184
-851200	3040000	272.446899414
-729600	3040000	272.416656494
-608000	3040000	272.407684326
-486400	3040000	272.400238037
-364800	3040000	272.389526367
-243200	3040000	272.386291504
-121600	3040000	272.388580322
0	3040000	272.414489746
121600	3040000	272.482452393
243200	3040000	272.526489258
364800	3040000	272.594940186
486400	3040000	272.617492676
608000	3040000	272.547241211
729600	3040000	272.618743896
851200	3040000	272.775054932
972800	3040000	272.932434082
1094400	3040000	273.127868652
1216000	3040000	273.311584473
1337600	3040000	273.42565918
1459200	3040000	NaN
1580800	3040000	NaN
1702400	3040000	NaN
1824000	3040000	NaN
1945600	3040000	NaN
2067200	3040000	NaN
2188800	3040000	NaN
2310400	3040000	NaN
2432000	3040000	NaN
2553600	3040000	NaN
2675200	3040000	NaN
2796800	3040000	NaN
2918400	3040000	NaN
3040000	3040000	NaN
-3040000	2918400	NaN
-2918400	2918400	NaN
-2796800	2918400	NaN
-2675200	2918400	NaN
-2553600	2918400	NaN
-2432000	2918400	NaN
-2310400	2918400	NaN
-2188800	2918400	NaN
-2067200	2918400	NaN
-1945600	2918400	NaN
-1824000	2918400	NaN
-1702400	2918400	NaN
-1580800	2918400	272.942596436
-1459200	2918400	272.800628662
-1337600	2918400	272.681945801
-1216000	2918400	272.594177246
-1094400	2918400	272.534088135
-972800	2918400	272.49105835
-851200	2918400	272.457000732
-729600	2918400	272.443664551
-608000	2918400	272.434692383
-486400	2918400	272.415588379
-364800	2918400	272.401428223
-243200	2918400	272.399261475
-121600	2918400	272.406036377
0	2918400	272.428985596
121600	2918400	272.485870361
243200	2918400	272.523834229
364800	2918400	272.571624756
486400	2918400	272.546386719
608000	2918400	272.488220215
729600	2918400	272.599243164
851200	2918400	272.732574463
972800	2918400	272.856750488
1094400	2918400	273.063964844
1216000	2918400	273.296936035
1337600	2918400	273.448486328
1459200	2918400	273.512207031
1580800	2918400	273.562225342
1702400	2918400	NaN
1824000	2918400	NaN
1945600	2918400	NaN
2067200	2918400	NaN
2188800	2918400	NaN
2310400	2918400	NaN
2432000	2918400	NaN
2553600	2918400	NaN
2675200	2918400	NaN
2796800	2918400	NaN
2918400	2918400	NaN
3040000	2918400	NaN
-3040000	2796800	NaN
-2918400	2796800	NaN
-2796800	2796800	NaN
-2675200	2796800	NaN
-2553600	2796800	NaN
-2432000	2796800	NaN
-2310400	2796800	NaN
-2188800	2796800	NaN
-2067200	2796800	NaN
-1945600	2796800	NaN
-1824000	2796800	NaN
-1702400	2796800	273.032440186
-1580800	2796800	272.866790771
-1459200	2796800	272.732727051
-1337600	2796800	272.634033203
-1216000	2796800	272.567718506
-1094400	2796800	272.524810791
-972800	2796800	272.489746094
-851200	2796800	272.467285156
-729600	2796800	272.457855225
-608000	2796800	272.440612793
-486400	2796800	272.41619873
-364800	2796800	272.401397705
-243200	2796800	272.390441895
-121600	2796800	272.395141602
0	2796800	272.417602539
121600	2796800	272.467468262
243200	2796800	272.517303467
364800	2796800	272.541442871
486400	2796800	272.500030518
608000	2796800	272.463989258
729600	2796800	272.555877686
851200	2796800	272.67590332
972800	2796800	272.819885254
1094400	2796800	273.000274658
1216000	2796800	273.227172852
1337600	2796800	273.43649292
1459200	2796800	273.527923584
1580800	2796800	273.569580078
1702400	2796800	273.635803223
1824000	2796800	NaN
1945600	2796800	NaN
2067200	2796800	NaN
2188800	2796800	NaN
2310400	2796800	NaN
2432000	2796800	NaN
2553600	2796800	NaN
2675200	2796800	NaN
2796800	2796800	NaN
2918400	2796800	NaN
3040000	2796800	NaN
-3040000	2675200	NaN
-2918400	2675200	NaN
-2796800	2675200	NaN
-2675200	2675200	NaN
-2553600	2675200	NaN
-2432000	2675200	NaN
-2310400	2675200	NaN
-2188800	2675200	NaN
-2067200	2675200	NaN
-1945600	2675200	273.316986084
-1824000	2675200	273.094177246
-1702400	2675200	272.902801514
-1580800	2675200	272.748352051
-1459200	2675200	272.631103516
-1337600	2675200	272.561523438
-1216000	2675200	272.524475098
-1094400	2675200	272.505371094
-972800	2675200	272.488037109
-851200	2675200	272.464691162
-729600	2675200	272.454956055
-608000	2675200	272.440124512
-486400	2675200	272.419372559
-364800	2675200	272.384979248
-243200	2675200	272.352355957
-121600	2675200	272.361816406
0	2675200	272.386932373
121600	2675200	272.434234619
243200	2675200	272.4949646
364800	2675200	272.552307129
486400	2675200	272.584350586
608000	2675200	272.583068848
729600	2675200	272.618255615
851200	2675200	272.68963623
972800	2675200	272.817260742
1094400	2675200	272.967254639
1216000	2675200	273.162384033
1337600	2675200	273.388214111
1459200	2675200	273.523651123
1580800	2675200	273.58392334
1702400	2675200	273.648254395
1824000	2675200	273.737976074
1945600	2675200	273.855926514
2067200	2675200	NaN
2188800	2675200	NaN
2310400	2675200	NaN
2432000	2675200	NaN
2553600	2675200	NaN
2675200	2675200	NaN
2796800	2675200	NaN
2918400	2675200	NaN
3040000	2675200	NaN
-3040000	2553600	NaN
-2918400	2553600	NaN
-2796800	2553600	NaN
-2675200	2553600	NaN
-2553600	2553600	NaN
-2432000	2553600	NaN
-2310400	2553600	NaN
-2188800	2553600	NaN
-2067200	2553600	273.43762207
-1945600	2553600	273.372741699
-1824000	2553600	272.881256104
-1702400	2553600	272.724365234
-1580800	2553600	272.588531494
-1459200	2553600	272.490234375
-1337600	2553600	272.488555908
-1216000	2553600	272.485321045
-1094400	2553600	272.50302124
-972800	2553600	272.49508667
-851200	2553600	272.462219238
-729600	2553600	272.459472656
-608000	2553600	272.456573486
-486400	2553600	272.440948486
-364800	2553600	272.354156494
-243200	2553600	272.307556152
-121600	2553600	272.322692871
0	2553600	272.349151611
121600	2553600	272.394866943
243200	2553600	272.44241333
364800	2553600	272.515930176
486400	2553600	272.629425049
608000	2553600	272.657867432
729600	2553600	272.692382812
851200	2553600	272.745269775
972800	2553600	272.837036133
1094400	2553600	272.966705322
1216000	2553600	273.123901367
1337600	2553600	273.327026367
1459200	2553600	273.466156006
1580800	2553600	273.578521729
1702400	2553600	273.655731201
1824000	2553600	273.739654541
1945600	2553600	273.854400635
2067200	2553600	273.989837646
2188800	2553600	NaN
2310400	2553600	NaN
2432000	2553600	NaN
2553600	2553600	NaN
2675200	2553600	NaN
2796800	2553600	NaN
2918400	2553600	NaN
3040000	2553600	NaN
-3040000	2432000	NaN
-2918400	2432000	NaN
-2796800	2432000	NaN
-2675200	2432000	NaN
-2553600	2432000	NaN
-2432000	2432000	NaN
-2310400	2432000	NaN
-2188800	2432000	273.687164307
-2067200	2432000	273.285583496
-1945600	2432000	272.991424561
-1824000	2432000	272.75592041
-1702400	2432000	272.588897705
-1580800	2432000	272.469482422
-1459200	2432000	272.426177979
-1337600	2432000	272.466949463
-1216000	2432000	272.487548828
-1094400	2432000	272.496734619
-972800	2432000	272.469268799
-851200	2432000	272.454315186
-729600	2432000	272.456298828
-608000	2432000	272.419830322
-486400	2432000	272.380157471
-364800	2432000	272.312652588
-243200	2432000	272.279815674
-121600	2432000	272.29095459
0	2432000	272.330963135
121600	2432000	272.387176514
243200	2432000	272.430450439
364800	2432000	272.464233398
486400	2432000	272.519195557
608000	2432000	272.560943604
729600	2432000	272.660522461
851200	2432000	272.766387939
972800	2432000	272.846160889
1094400	2432000	272.94732666
1216000	2432000	273.078857422
1337600	2432000	273.244537354
1459200	2432000	273.376190186
1580800	2432000	273.456115723
1702400	2432000	273.612426758
1824000	2432000	273.711151123
1945600	2432000	273.838928223
2067200	2432000	273.964202881
2188800	2432000	274.155426025
2310400	2432000	NaN
2432000	2432000	NaN
2553600	2432000	NaN
2675200	2432000	NaN
2796800	2432000	NaN
2918400	2432000	NaN
3040000	2432000	NaN
-3040000	2310400	NaN
-2918400	2310400	NaN
-2796800	2310400	NaN
-2675200	2310400	NaN
-2553600	2310400	NaN
-2432000	2310400	NaN
-2310400	2310400	273.823577881
-2188800	2310400	273.344665527
-2067200	2310400	273.082672119
-1945600	2310400	272.799194336
-1824000	2310400	272.582794189
-1702400	2310400	272.468841553
-1580800	2310400	272.417053223
-1459200	2310400	272.416625977
-1337600	2310400	272.435882568
-1216000	2310400	272.43637085
-1094400	2310400	272.414855957
-972800	2310400	272.385253906
-851200	2310400	272.352752686
-729600	2310400	272.321136475
-608000	2310400	272.268951416
-486400	2310400	272.242095947
-364800	2310400	272.198486328
-243200	2310400	272.153930664
-121600	2310400	272.124603271
0	2310400	272.153289795
121600	2310400	272.204345703
243200	2310400	272.273132324
364800	2310400	272.304046631
486400	2310400	272.311218262
608000	2310400	272.33380127
729600	2310400	272.434295654
851200	2310400	272.570648193
972800	2310400	272.708892822
1094400	2310400	272.812866211
1216000	2310400	272.907196045
1337600	2310400	273.022155762
1459200	2310400	273.088226318
1580800	2310400	273.182373047
1702400	2310400	273.366394043
1824000	2310400	273.555358887
1945600	2310400	273.706604004
2067200	2310400	273.848114014
2188800	2310400	274.01083374
2310400	2310400	274.209625244
2432000	2310400	NaN
2553600	2310400	NaN
2675200	2310400	NaN
2796800	2310400	NaN
2918400	2310400	NaN
3040000	2310400	NaN
-3040000	2188800	NaN
-2918400	2188800	NaN
-2796800	2188800	NaN
-2675200	2188800	NaN
-2553600	2188800	NaN
-2432000	2188800	274.122833252
-2310400	2188800	273.299835205
-2188800	2188800	273.068115234
-2067200	2188800	272.869293213
-1945600	2188800	272.620605469
-1824000	2188800	272.468109131
-1702400	2188800	272.401000977
-1580800	2188800	272.382843018
-1459200	2188800	272.373657227
-1337600	2188800	272.359588623
-1216000	2188800	272.339385986
-1094400	2188800	272.301940918
-972800	2188800	272.259979248
-851200	2188800	272.227966309
-729600	2188800	272.185333252
-608000	2188800	272.132415771
-486400	2188800	272.121307373
-364800	2188800	272.107025146
-243200	2188800	272.134765625
-121600	2188800	272.145782471
0	2188800	272.230499268
121600	2188800	272.629333496
243200	2188800	272.820343018
364800	2188800	272.708435059
486400	2188800	272.675231934
608000	2188800	272.581054688
729600	2188800	272.275695801
851200	2188800	272.367767334
972800	2188800	272.462799072
1094400	2188800	272.557189941
1216000	2188800	272.672912598
1337600	2188800	272.73236084
1459200	2188800	272.732543945
1580800	2188800	272.905487061
1702400	2188800	273.071289062
1824000	2188800	273.273010254
1945600	2188800	273.459289551
2067200	2188800	273.627166748
2188800	2188800	273.827087402
2310400	2188800	274.033081055
2432000	2188800	274.29095459
2553600	2188800	NaN
2675200	2188800	NaN
2796800	2188800	NaN
2918400	2188800	NaN
3040000	2188800	NaN
-3040000	2067200	NaN
-2918400	2067200	NaN
-2796800	2067200	NaN
-2675200	2067200	NaN
-2553600	2067200	274.338165283
-2432000	2067200	273.736480713
-2310400	2067200	273.309417725
-2188800	2067200	272.915039062
-2067200	2067200	272.655639648
-1945600	2067200	272.467559814
-1824000	2067200	272.390014648
-1702400	2067200	272.332427979
-1580800	2067200	272.305603027
-1459200	2067200	272.291900635
-1337600	2067200	272.270904541
-1216000	2067200	272.232574463
-1094400	2067200	272.195983887
-972800	2067200	272.162078857
-851200	2067200	272.118804932
-729600	2067200	272.077819824
-608000	2067200	272.028564453
-486400	2067200	272.007843018
-364800	2067200	272.129302979
-243200	2067200	272.328216553
-121600	2067200	272.439178467
0	2067200	272.41394043
121600	2067200	273.222503662
243200	2067200	273.524475098
364800	2067200	273.56640625
486400	2067200	273.343017578
608000	2067200	273.452972412
729600	2067200	273.221679688
851200	2067200	272.686584473
972800	2067200	272.33493042
1094400	2067200	272.321807861
1216000	2067200	272.302581787
1337600	2067200	272.518463135
1459200	2067200	272.510223389
1580800	2067200	272.681793213
1702400	2067200	272.834320068
1824000	2067200	272.966094971
1945600	2067200	273.16506958
2067200	2067200	273.363067627
2188800	2067200	273.582702637
2310400	2067200	273.824523926
2432000	2067200	274.074737549
2553600	2067200	274.356384277
2675200	2067200	NaN
2796800	2067200	NaN
2918400	2067200	NaN
3040000	2067200	NaN
-3040000	1945600	NaN
-2918400	1945600	NaN
-2796800	1945600	NaN
-2675200	1945600	274.531799316
-2553600	1945600	273.804199219
-2432000	1945600	273.241485596
-2310400	1945600	272.896270752
-2188800	1945600	272.61831665
-2067200	1945600	272.423095703
-1945600	1945600	272.356170654
-1824000	1945600	272.300292969
-1702400	1945600	272.245788574
-1580800	1945600	272.215179443
-1459200	1945600	272.203216553
-1337600	1945600	272.183380127
-1216000	1945600	272.145446777
-1094400	1945600	272.095184326
-972800	1945600	272.057373047
-851200	1945600	272.016571045
-729600	1945600	271.994995117
-608000	1945600	271.973358154
-486400	1945600	272.037872314
-364800	1945600	272.219970703
-243200	1945600	272.425537109
-121600	1945600	272.551025391
0	1945600	272.757324219
121600	1945600	273.058380127
243200	1945600	273.291351318
364800	1945600	273.393829346
486400	1945600	273.482818604
608000	1945600	273.74987793
729600	1945600	274.039550781
851200	1945600	274.208099365
972800	1945600	273.811218262
1094400	1945600	272.667510986
1216000	1945600	272.046661377
1337600	1945600	272.324188232
1459200	1945600	272.26373291
1580800	1945600	272.484069824
1702400	1945600	272.608520508
1824000	1945600	272.6875
1945600	1945600	272.79901123
2067200	1945600	273.03137207
2188800	1945600	273.2996521
2310400	1945600	273.573913574
2432000	1945600	273.83972168
2553600	1945600	274.128387451
2675200	1945600	274.460205078
2796800	1945600	NaN
2918400	1945600	NaN
3040000	1945600	NaN
-3040000	1824000	NaN
-2918400	1824000	NaN
-2796800	1824000	NaN
-2675200	1824000	274.231903076
-2553600	1824000	273.406005859
-2432000	1824000	272.878326416
-2310400	1824000	272.508972168
-2188800	1824000	272.355255127
-2067200	1824000	272.254302979
-1945600	1824000	272.240692139
-1824000	1824000	272.19644165
-1702400	1824000	272.146148682
-1580800	1824000	272.114959717
-1459200	1824000	272.096069336
-1337600	1824000	272.079376221
-1216000	1824000	272.05078125
-1094400	1824000	272.013702393
-972800	1824000	271.981414795
-851200	1824000	271.952087402
-729600	1824000	271.93371582
-608000	1824000	271.971069336
-486400	1824000	272.4715271
-364800	1824000	272.480102539
-243200	1824000	272.466400146
-121600	1824000	272.571838379
0	1824000	272.750518799
121600	1824000	272.932800293
243200	1824000	273.10333252
364800	1824000	273.241973877
486400	1824000	273.381286621
608000	1824000	273.563446045
729600	1824000	273.752227783
851200	1824000	273.882995605
972800	1824000	273.832763672
1094400	1824000	273.003845215
1216000	1824000	272.308868408
1337600	1824000	271.748748779
1459200	1824000	272.021118164
1580800	1824000	272.405731201
1702400	1824000	272.811645508
1824000	1824000	272.489227295
1945600	1824000	272.511962891
2067200	1824000	272.698913574
2188800	1824000	273.001434326
2310400	1824000	273.313781738
2432000	1824000	273.604370117
2553600	1824000	273.904754639
2675200	1824000	274.250762939
2796800	1824000	NaN
2918400	1824000	NaN
3040000	1824000	NaN
-3040000	1702400	NaN
-2918400	1702400	NaN
-2796800	1702400	274.652313232
-2675200	1702400	273.922332764
-2553600	1702400	273.314575195
-2432000	1702400	272.405700684
-2310400	1702400	272.251159668
-2188800	1702400	272.11706543
-2067200	1702400	272.078735352
-1945600	1702400	272.076446533
-1824000	1702400	272.060180664
-1702400	1702400	272.028656006
-1580800	1702400	272.005706787
-1459200	1702400	271.986877441
-1337600	1702400	271.971923828
-1216000	1702400	271.960571289
-1094400	1702400	271.939941406
-972800	1702400	271.923522949
-851200	1702400	271.894104004
-729600	1702400	271.863494873
-608000	1702400	272.03604126
-486400	1702400	272.30380249
-364800	1702400	272.29006958
-243200	1702400	272.398254395
-121600	1702400	272.51184082
0	1702400	272.658050537
121600	1702400	272.8097229
243200	1702400	272.951477051
364800	1702400	273.083770752
486400	1702400	273.212097168
608000	1702400	273.341156006
729600	1702400	273.448577881
851200	1702400	273.483551025
972800	1702400	273.377868652
1094400	1702400	272.992126465
1216000	1702400	272.59173584
1337600	1702400	272.34777832
1459200	1702400	272.387054443
1580800	1702400	273.049316406
1702400	1702400	273.298309326
1824000	1702400	272.935516357
1945600	1702400	272.445037842
2067200	1702400	272.576477051
2188800	1702400	272.769195557
2310400	1702400	273.015258789
2432000	1702400	273.379089355
2553600	1702400	273.724639893
2675200	1702400	274.067199707
2796800	1702400	274.411590576
2918400	1702400	NaN
3040000	1702400	NaN
-3040000	1580800	NaN
-2918400	1580800	274.389984131
-2796800	1580800	274.20980835
-2675200	1580800	273.735656738
-2553600	1580800	273.250671387
-2432000	1580800	272.599182129
-2310400	1580800	272.146942139
-2188800	1580800	271.895904541
-2067200	1580800	271.894042969
-1945600	1580800	271.903167725
-1824000	1580800	271.920074463
-1702400	1580800	271.9090271
-1580800	1580800	271.895843506
-1459200	1580800	271.876647949
-1337600	1580800	271.868438721
-1216000	1580800	271.861907959
-1094400	1580800	271.851898193
-972800	1580800	271.850646973
-851200	1580800	271.850402832
-729600	1580800	271.913146973
-608000	1580800	272.05657959
-486400	1580800	272.065093994
-364800	1580800	272.172943115
-243200	1580800	272.293029785
-121600	1580800	272.420227051
0	1580800	272.549133301
121600	1580800	272.68548584
243200	1580800	272.810943604
364800	1580800	272.927062988
486400	1580800	273.033477783
608000	1580800	273.126190186
729600	1580800	273.18939209
851200	1580800	273.192321777
972800	1580800	273.099060059
1094400	1580800	272.910217285
1216000	1580800	272.710845947
1337600	1580800	272.612487793
1459200	1580800	272.711120605
1580800	1580800	272.953552246
1702400	1580800	273.133331299
1824000	1580800	273.250030518
1945600	1580800	273.855529785
2067200	1580800	273.807250977
2188800	1580800	272.681518555
2310400	1580800	272.777862549
2432000	1580800	273.160064697
2553600	1580800	273.589111328
2675200	1580800	273.930908203
2796800	1580800	274.265380859
2918400	1580800	274.577026367
3040000	1580800	NaN
-3040000	1459200	NaN
-2918400	1459200	274.224487305
-2796800	1459200	274.144042969
-2675200	1459200	273.881469727
-2553600	1459200	273.262512207
-2432000	1459200	272.690246582
-2310400	1459200	272.147033691
-2188800	1459200	271.851135254
-2067200	1459200	271.72467041
-1945600	1459200	271.755615234
-1824000	1459200	271.777648926
-1702400	1459200	271.788848877
-1580800	1459200	271.791809082
-1459200	1459200	271.778686523
-1337600	1459200	271.768218994
-1216000	1459200	271.756622314
-1094400	1459200	271.750091553
-972800	1459200	271.745483398
-851200	1459200	271.801361084
-729600	1459200	271.846832275
-608000	1459200	271.804016113
-486400	1459200	271.866973877
-364800	1459200	272.057037354
-243200	1459200	272.176879883
-121600	1459200	272.369628906
0	1459200	272.435516357
121600	1459200	272.570800781
243200	1459200	272.682525635
364800	1459200	272.781646729
486400	1459200	272.867950439
608000	1459200	272.936584473
729600	1459200	272.977478027
851200	1459200	272.976287842
972800	1459200	272.922485352
1094400	1459200	272.827514648
1216000	1459200	272.73526001
1337600	1459200	272.704650879
1459200	1459200	272.770355225
1580800	1459200	272.913513184
1702400	1459200	273.098937988
1824000	1459200	273.335571289
1945600	1459200	273.781524658
2067200	1459200	274.562713623
2188800	1459200	273.150543213
2310400	1459200	272.540313721
2432000	1459200	272.976379395
2553600	1459200	273.422149658
2675200	1459200	273.787719727
2796800	1459200	274.128997803
2918400	1459200	274.455322266
3040000	1459200	NaN
-3040000	1337600	274.151367188
-2918400	1337600	274.120544434
-2796800	1337600	273.984069824
-2675200	1337600	273.767791748
-2553600	1337600	273.563293457
-2432000	1337600	272.928649902
-2310400	1337600	272.059661865
-2188800	1337600	271.759552002
-2067200	1337600	271.783081055
-1945600	1337600	271.620758057
-1824000	1337600	271.634246826
-1702400	1337600	271.67199707
-1580800	1337600	271.688873291
-1459200	1337600	271.672210693
-1337600	1337600	271.660461426
-1216000	1337600	271.658294678
-1094400	1337600	271.625854492
-972800	1337600	271.719543457
-851200	1337600	271.606231689
-729600	1337600	271.728851318
-608000	1337600	271.805725098
-486400	1337600	271.832336426
-364800	1337600	271.98626709
-243200	1337600	272.032714844
-121600	1337600	272.229705811
0	1337600	272.255126953
121600	1337600	272.469970703
243200	1337600	272.569763184
364800	1337600	272.651306152
486400	1337600	272.721832275
608000	1337600	272.775726318
729600	1337600	272.806945801
851200	1337600	272.809844971
972800	1337600	272.783691406
1094400	1337600	272.738922119
1216000	1337600	272.699188232
1337600	1337600	272.692901611
1459200	1337600	272.737487793
1580800	1337600	272.83026123
1702400	1337600	272.96081543
1824000	1337600	273.12890625
1945600	1337600	273.33102417
2067200	1337600	273.418548584
2188800	1337600	272.413970947
2310400	1337600	272.437744141
2432000	1337600	272.814025879
2553600	1337600	273.239837646
2675200	1337600	273.637390137
2796800	1337600	273.999908447
2918400	1337600	274.321655273
3040000	1337600	274.483551025
-3040000	1216000	274.116027832
-2918400	1216000	274.091400146
-2796800	1216000	273.945831299
-2675200	1216000	273.761810303
-2553600	1216000	273.515319824
-2432000	1216000	273.407653809
-2310400	1216000	272.511230469
-2188800	1216000	271.801940918
-2067200	1216000	271.432281494
-1945600	1216000	271.625732422
-1824000	1216000	271.544128418
-1702400	1216000	271.554656982
-1580800	1216000	271.575714111
-1459200	1216000	271.664855957
-1337600	1216000	271.579620361
-1216000	1216000	271.584472656
-1094400	1216000	271.596557617
-972800	1216000	271.61907959
-851200	1216000	271.49130249
-729600	1216000	271.671936035
-608000	1216000	271.732971191
-486400	1216000	271.816162109
-364800	1216000	271.864379883
-243200	1216000	272.054046631
-121600	1216000	272.139221191
0	1216000	272.235870361
121600	1216000	272.388122559
243200	1216000	272.460906982
364800	1216000	272.53225708
486400	1216000	272.591674805
608000	1216000	272.636291504
729600	1216000	272.663269043
851200	1216000	272.67098999
972800	1216000	272.661499023
1094400	1216000	272.642272949
1216000	1216000	272.62612915
1337600	1216000	272.626678467
1459200	1216000	272.651794434
1580800	1216000	272.700439453
1702400	1216000	272.765289307
1824000	1216000	272.831665039
1945600	1216000	272.853088379
2067200	1216000	272.711212158
2188800	1216000	272.038757324
2310400	1216000	272.259185791
2432000	1216000	272.601074219
2553600	1216000	273.014465332
2675200	1216000	273.456481934
2796800	1216000	273.839019775
2918400	1216000	274.143737793
3040000	1216000	274.239440918
-3040000	1094400	274.13269043
-2918400	1094400	274.150054932
-2796800	1094400	274.200134277
-2675200	1094400	273.840362549
-2553600	1094400	273.463256836
-2432000	1094400	273.356109619
-2310400	1094400	273.028381348
-2188800	1094400	272.160827637
-2067200	1094400	271.640106201
-1945600	1094400	271.5440979
-1824000	1094400	271.538696289
-1702400	1094400	271.497436523
-1580800	1094400	271.508056641
-1459200	1094400	271.590301514
-1337600	1094400	271.525604248
-1216000	1094400	271.568237305
-1094400	1094400	271.532409668
-972800	1094400	271.538360596
-851200	1094400	271.392303467
-729600	1094400	271.677398682
-608000	1094400	271.652832031
-486400	1094400	271.821411133
-364800	1094400	271.96270752
-243200	1094400	272.037902832
-121600	1094400	272.018829346
0	1094400	272.176513672
121600	1094400	272.296875
243200	1094400	272.365814209
364800	1094400	272.430511475
486400	1094400	272.482116699
608000	1094400	272.52053833
729600	1094400	272.544891357
851200	1094400	272.555084229
972800	1094400	272.553192139
1094400	1094400	272.544250488
1216000	1094400	272.535583496
1337600	1094400	272.534210205
1459200	1094400	272.542236328
1580800	1094400	272.554656982
1702400	1094400	272.562988281
1824000	1094400	272.552703857
1945600	1094400	272.499816895
2067200	1094400	272.38067627
2188800	1094400	272.163330078
2310400	1094400	272.098754883
2432000	1094400	272.447052002
2553600	1094400	272.82409668
2675200	1094400	273.244659424
2796800	1094400	273.657348633
2918400	1094400	273.997894287
3040000	1094400	274.030914307
-3040000	972800	274.164520264
-2918400	972800	274.194091797
-2796800	972800	274.365966797
-2675200	972800	273.872375488
-2553600	972800	273.430175781
-2432000	972800	273.189086914
-2310400	972800	272.949920654
-2188800	972800	272.535766602
-2067200	972800	271.937774658
-1945600	972800	271.668670654
-1824000	972800	271.527923584
-1702400	972800	271.471466064
-1580800	972800	271.470153809
-1459200	972800	271.493774414
-1337600	972800	271.562988281
-1216000	972800	271.518341064
-1094400	972800	271.419708252
-972800	972800	271.387664795
-851200	972800	271.349151611
-729600	972800	271.49810791
-608000	972800	271.618988037
-486400	972800	271.700561523
-364800	972800	271.88369751
-243200	972800	271.964874268
-121600	972800	272.059387207
0	972800	272.136749268
121600	972800	272.219360352
243200	972800	272.290222168
364800	972800	272.343597412
486400	972800	272.387573242
608000	972800	272.420684814
729600	972800	272.442352295
851200	972800	272.452606201
972800	972800	272.452697754
1094400	972800	272.445587158
1216000	972800	272.436279297
1337600	972800	272.429748535
1459200	972800	272.427825928
1580800	972800	272.411529541
1702400	972800	272.379669189
1824000	972800	272.309661865
1945600	972800	272.208831787
2067200	972800	272.068817139
2188800	972800	272.060211182
2310400	972800	271.742492676
2432000	972800	272.299133301
2553600	972800	272.659698486
2675200	972800	273.04788208
2796800	972800	273.492004395
2918400	972800	273.785522461
3040000	972800	273.887634277
-3040000	851200	274.193267822
-2918400	851200	274.195587158
-2796800	851200	274.129119873
-2675200	851200	273.957244873
-2553600	851200	273.497161865
-2432000	851200	273.130462646
-2310400	851200	272.688842773
-2188800	851200	272.304504395
-2067200	851200	271.769348145
-1945600	851200	271.76083374
-1824000	851200	271.576782227
-1702400	851200	271.500183105
-1580800	851200	271.493499756
-1459200	851200	271.382995605
-1337600	851200	271.444366455
-1216000	851200	271.499145508
-1094400	851200	271.410125732
-972800	851200	271.360107422
-851200	851200	271.4659729
-729600	851200	271.495300293
-608000	851200	271.595245361
-486400	851200	271.750946045
-364800	851200	271.849212646
-243200	851200	271.947357178
-121600	851200	272.029296875
0	851200	271.99331665
121600	851200	272.199035645
243200	851200	272.206634521
364800	851200	272.269134521
486400	851200	272.305541992
608000	851200	272.333831787
729600	851200	272.352539062
851200	851200	272.36138916
972800	851200	272.360198975
1094400	851200	272.349365234
1216000	851200	272.332611084
1337600	851200	272.320617676
1459200	851200	272.293731689
1580800	851200	272.262023926
1702400	851200	272.248626709
1824000	851200	272.120880127
1945600	851200	271.874847412
2067200	851200	271.690338135
2188800	851200	271.789001465
2310400	851200	271.638824463
2432000	851200	272.160461426
2553600	851200	272.551757812
2675200	851200	272.960235596
2796800	851200	273.34463501
2918400	851200	273.615661621
3040000	851200	273.73248291
-3040000	729600	274.224060059
-2918400	729600	274.221679688
-2796800	729600	274.226257324
-2675200	729600	274.034301758
-2553600	729600	273.57711792
-2432000	729600	273.194519043
-2310400	729600	272.865142822
-2188800	729600	272.465209961
-2067200	729600	272.133758545
-1945600	729600	271.885192871
-1824000	729600	271.599578857
-1702400	729600	271.446228027
-1580800	729600	271.455535889
-1459200	729600	271.4168396
-1337600	729600	271.31161499
-1216000	729600	271.276519775
-1094400	729600	271.269866943
-972800	729600	271.319549561
-851200	729600	271.54574585
-729600	729600	271.500244141
-608000	729600	271.724121094
-486400	729600	271.752258301
-364800	729600	271.833526611
-243200	729600	271.913787842
-121600	729600	271.930664062
0	729600	272.045532227
121600	729600	272.100067139
243200	729600	272.20513916
364800	729600	272.204803467
486400	729600	272.233581543
608000	729600	272.257843018
729600	729600	272.273895264
851200	729600	272.281066895
972800	729600	272.278198242
1094400	729600	272.262298584
1216000	729600	272.213562012
1337600	729600	272.284606934
1459200	729600	272.184020996
1580800	729600	272.095489502
1702400	729600	271.939758301
1824000	729600	271.751434326
1945600	729600	271.532745361
2067200	729600	271.472595215
2188800	729600	271.604919434
2310400	729600	271.833465576
2432000	729600	272.100341797
2553600	729600	272.507843018
2675200	729600	272.89364624
2796800	729600	273.238616943
2918400	729600	273.471923828
3040000	729600	273.522735596
-3040000	608000	274.276580811
-2918400	608000	274.265075684
-2796800	608000	274.370910645
-2675200	608000	274.054901123
-2553600	608000	273.631469727
-2432000	608000	273.25680542
-2310400	608000	272.890319824
-2188800	608000	272.669311523
-2067200	608000	272.574066162
-1945600	608000	272.013549805
-1824000	608000	271.741455078
-1702400	608000	271.384429932
-1580800	608000	271.450561523
-1459200	608000	271.386749268
-1337600	608000	271.201049805
-1216000	608000	271.191314697
-1094400	608000	271.239257812
-972800	608000	271.342285156
-851200	608000	271.427947998
-729600	608000	271.508422852
-608000	608000	271.584228516
-486400	608000	271.762512207
-364800	608000	271.822265625
-243200	608000	271.889953613
-121600	608000	271.956573486
0	608000	272.017974854
121600	608000	272.081970215
243200	608000	272.152618408
364800	608000	272.139984131
486400	608000	272.169616699
608000	608000	272.191009521
729600	608000	272.20513916
851200	608000	272.211517334
972800	608000	272.20904541
1094400	608000	272.195709229
1216000	608000	272.172363281
1337600	608000	272.083251953
1459200	608000	271.992523193
1580800	608000	272.002838135
1702400	608000	271.80355835
1824000	608000	271.806610107
1945600	608000	271.938293457
2067200	608000	271.879211426
2188800	608000	271.590148926
2310400	608000	271.980224609
2432000	608000	272.017944336
2553600	608000	272.504699707
2675200	608000	272.805847168
2796800	608000	273.14541626
2918400	608000	273.380432129
3040000	608000	273.421905518
-3040000	486400	274.327789307
-2918400	486400	274.314239502
-2796800	486400	274.479919434
-2675200	486400	274.094329834
-2553600	486400	273.677368164
-2432000	486400	273.285705566
-2310400	486400	272.935058594
-2188800	486400	272.704742432
-2067200	486400	272.480041504
-1945600	486400	272.193328857
-1824000	486400	271.684234619
-1702400	486400	271.453338623
-1580800	486400	271.490020752
-1459200	486400	271.405761719
-1337600	486400	271.191192627
-1216000	486400	271.142242432
-1094400	486400	271.278503418
-972800	486400	271.47869873
-851200	486400	271.451782227
-729600	486400	271.522735596
-608000	486400	271.672790527
-486400	486400	271.698150635
-364800	486400	271.809967041
-243200	486400	271.865753174
-121600	486400	271.921508789
0	486400	271.966491699
121600	486400	272.018585205
243200	486400	272.058685303
364800	486400	272.089569092
486400	486400	272.113433838
608000	486400	272.132385254
729600	486400	272.145233154
851200	486400	272.151611328
972800	486400	272.151397705
1094400	486400	272.144989014
1216000	486400	272.126342773
1337600	486400	272.083374023
1459200	486400	271.939025879
1580800	486400	271.949005127
1702400	486400	272.125366211
1824000	486400	272.108673096
1945600	486400	272.127471924
2067200	486400	272.102416992
2188800	486400	272.135803223
2310400	486400	272.593902588
2432000	486400	272.176177979
2553600	486400	272.508728027
2675200	486400	272.684082031
2796800	486400	273.035217285
2918400	486400	273.316772461
3040000	486400	273.361175537
-3040000	364800	274.329650879
-2918400	364800	274.308258057
-2796800	364800	274.349487305
-2675200	364800	274.154571533
-2553600	364800	273.733459473
-2432000	364800	273.297454834
-2310400	364800	272.932220459
-2188800	364800	272.69241333
-2067200	364800	272.432830811
-1945600	364800	272.246643066
-1824000	364800	272.061035156
-1702400	364800	271.651245117
-1580800	364800	271.488616943
-1459200	364800	271.405029297
-1337600	364800	271.323028564
-1216000	364800	271.267547607
-1094400	364800	271.335571289
-972800	364800	271.41986084
-851200	364800	271.484527588
-729600	364800	271.54284668
-608000	364800	271.678466797
-486400	364800	271.638885498
-364800	364800	271.696868896
-243200	364800	271.876678467
-121600	364800	271.922149658
0	364800	271.925170898
121600	364800	271.925018311
243200	364800	272.011871338
364800	364800	272.041046143
486400	364800	272.063781738
608000	364800	272.080810547
729600	364800	272.092712402
851200	364800	272.099456787
972800	364800	272.101104736
1094400	364800	272.100006104
1216000	364800	272.119415283
1337600	364800	271.818481445
1459200	364800	272.007019043
1580800	364800	272.149993896
1702400	364800	272.166442871
1824000	364800	272.180969238
1945600	364800	272.213592529
2067200	364800	272.268249512
2188800	364800	272.399505615
2310400	364800	272.747131348
2432000	364800	272.615783691
2553600	364800	272.432128906
2675200	364800	272.605407715
2796800	364800	272.873596191
2918400	364800	273.156890869
3040000	364800	273.251983643
-3040000	243200	274.305999756
-2918400	243200	274.274200439
-2796800	243200	274.222564697
-2675200	243200	274.228027344
-2553600	243200	273.768859863
-2432000	243200	273.297454834
-2310400	243200	272.906341553
-2188800	243200	272.678070068
-2067200	243200	272.358886719
-1945600	243200	272.093658447
-1824000	243200	271.638214111
-1702400	243200	271.686645508
-1580800	243200	271.546417236
-1459200	243200	271.573669434
-1337600	243200	271.524749756
-1216000	243200	271.50177002
-1094400	243200	271.546447754
-972800	243200	271.479003906
-851200	243200	271.523376465
-729600	243200	271.567260742
-608000	243200	271.695465088
-486400	243200	271.74331665
-364800	243200	271.771240234
-243200	243200	271.742248535
-121600	243200	271.904968262
0	243200	271.936309814
121600	243200	271.954986572
243200	243200	271.957977295
364800	243200	271.99987793
486400	243200	272.020385742
608000	243200	272.035064697
729600	243200	272.046234131
851200	243200	272.053619385
972800	243200	272.056182861
1094400	243200	272.050842285
1216000	243200	272.019317627
1337600	243200	271.967559814
1459200	243200	272.122070312
1580800	243200	272.167694092
1702400	243200	272.194488525
1824000	243200	272.234649658
1945600	243200	272.291564941
2067200	243200	272.375518799
2188800	243200	272.512512207
2310400	243200	272.243804932
2432000	243200	272.491027832
2553600	243200	272.281097412
2675200	243200	272.433319092
2796800	243200	272.725494385
2918400	243200	273.016235352
3040000	243200	273.124359131
-3040000	121600	274.317230225
-2918400	121600	274.281311035
-2796800	121600	274.242675781
-2675200	121600	274.270812988
-2553600	121600	273.828857422
-2432000	121600	273.337188721
-2310400	121600	272.910705566
-2188800	121600	272.552642822
-2067200	121600	272.315246582
-1945600	121600	271.961669922
-1824000	121600	271.724853516
-1702400	121600	271.692565918
-1580800	121600	271.588928223
-1459200	121600	271.550720215
-1337600	121600	271.52154541
-1216000	121600	271.547637939
-1094400	121600	271.606842041
-972800	121600	271.536376953
-851200	121600	271.60836792
-729600	121600	271.59387207
-608000	121600	271.749847412
-486400	121600	271.784301758
-364800	121600	271.77947998
-243200	121600	271.815643311
-121600	121600	271.81640625
0	121600	271.912353516
121600	121600	271.912353516
243200	121600	271.895904541
364800	121600	271.970489502
486400	121600	271.982635498
608000	121600	271.993255615
729600	121600	272.004333496
851200	121600	272.013519287
972800	121600	272.019073486
1094400	121600	272.017883301
1216000	121600	272.003112793
1337600	121600	272.002746582
1459200	121600	272.08972168
1580800	121600	272.157958984
1702400	121600	272.213043213
1824000	121600	272.272888184
1945600	121600	272.344604492
2067200	121600	272.431396484
2188800	121600	272.527160645
2310400	121600	272.248657227
2432000	121600	272.48425293
2553600	121600	272.673431396
2675200	121600	272.424102783
2796800	121600	272.662628174
2918400	121600	272.947875977
3040000	121600	273.081665039
-3040000	0	274.362884521
-2918400	0	274.327636719
-2796800	0	274.282440186
-2675200	0	274.28894043
-2553600	0	273.88684082
-2432000	0	273.416656494
-2310400	0	272.959564209
-2188800	0	272.566894531
-2067200	0	272.282470703
-1945600	0	271.92086792
-1824000	0	271.588195801
-1702400	0	271.551544189
-1580800	0	271.554321289
-1459200	0	271.608917236
-1337600	0	271.717681885
-1216000	0	271.586090088
-1094400	0	271.615081787
-972800	0	271.724609375
-851200	0	271.714141846
-729600	0	271.647521973
-608000	0	271.728942871
-486400	0	271.749359131
-364800	0	271.830291748
-243200	0	271.813751221
-121600	0	271.820892334
0	0	271.872314453
121600	0	271.869110107
243200	0	271.865234375
364800	0	271.900817871
486400	0	271.939208984
608000	0	271.952392578
729600	0	271.965179443
851200	0	271.977539062
972800	0	271.988983154
1094400	0	271.999420166
1216000	0	272.012054443
1337600	0	272.040771484
1459200	0	272.09463501
1580800	0	272.158203125
1702400	0	272.225128174
1824000	0	272.298950195
1945600	0	272.381439209
2067200	0	272.468902588
2188800	0	272.551452637
2310400	0	272.660003662
2432000	0	272.274505615
2553600	0	272.227630615
2675200	0	272.438751221
2796800	0	272.65435791
2918400	0	272.959442139
3040000	0	273.122253418
-3040000	-121600	274.454650879
-2918400	-121600	274.409942627
-2796800	-121600	274.350860596
-2675200	-121600	274.368011475
-2553600	-121600	273.960968018
-2432000	-121600	273.491821289
-2310400	-121600	273.025817871
-2188800	-121600	272.614898682
-2067200	-121600	272.274383545
-1945600	-121600	271.8934021
-1824000	-121600	271.45791626
-1702400	-121600	271.602508545
-1580800	-121600	271.589599609
-1459200	-121600	271.612976074
-1337600	-121600	271.562713623
-1216000	-121600	271.551025391
-1094400	-121600	271.541778564
-972800	-121600	271.733428955
-851200	-121600	271.742462158
-729600	-121600	271.746459961
-608000	-121600	271.674163818
-486400	-121600	271.814453125
-364800	-121600	271.834777832
-243200	-121600	271.841644287
-121600	-121600	271.836669922
0	-121600	271.847442627
121600	-121600	271.856872559
243200	-121600	271.885040283
364800	-121600	271.88269043
486400	-121600	271.897613525
608000	-121600	271.91204834
729600	-121600	271.927032471
851200	-121600	271.943389893
972800	-121600	271.961303711
1094400	-121600	271.981689453
1216000	-121600	272.007629395
1337600	-121600	272.044433594
1459200	-121600	272.094970703
1580800	-121600	272.157012939
1702400	-121600	272.22958374
1824000	-121600	272.314971924
1945600	-121600	272.4112854
2067200	-121600	272.509094238
2188800	-121600	272.60925293
2310400	-121600	272.683105469
2432000	-121600	272.519683838
2553600	-121600	272.362854004
2675200	-121600	272.380004883
2796800	-121600	272.636810303
2918400	-121600	272.968200684
3040000	-121600	273.14251709
-3040000	-243200	274.58215332
-2918400	-243200	274.543060303
-2796800	-243200	274.475341797
-2675200	-243200	274.433563232
-2553600	-243200	274.000091553
-2432000	-243200	273.555419922
-2310400	-243200	273.113128662
-2188800	-243200	272.70803833
-2067200	-243200	272.475189209
-1945600	-243200	272.053894043
-1824000	-243200	271.864746094
-1702400	-243200	271.950958252
-1580800	-243200	271.653747559
-1459200	-243200	271.639129639
-1337600	-243200	271.620635986
-1216000	-243200	271.604431152
-1094400	-243200	271.593292236
-972800	-243200	272.11630249
-851200	-243200	271.918548584
-729600	-243200	271.828948975
-608000	-243200	271.804290771
-486400	-243200	271.941223145
-364800	-243200	271.903137207
-243200	-243200	271.882629395
-121600	-243200	271.863067627
0	-243200	271.850128174
121600	-243200	271.848052979
243200	-243200	271.850128174
364800	-243200	271.852050781
486400	-243200	271.859191895
608000	-243200	271.871307373
729600	-243200	271.888000488
851200	-243200	271.908538818
972800	-243200	271.932373047
1094400	-243200	271.95993042
1216000	-243200	271.992919922
1337600	-243200	272.033966064
1459200	-243200	272.084991455
1580800	-243200	272.146575928
1702400	-243200	272.22052002
1824000	-243200	272.317565918
1945600	-243200	272.441162109
2067200	-243200	272.585540771
2188800	-243200	272.280731201
2310400	-243200	272.595092773
2432000	-243200	272.838439941
2553600	-243200	272.702575684
2675200	-243200	272.546661377
2796800	-243200	272.620391846
2918400	-243200	272.945159912
3040000	-243200	273.096740723
-3040000	-364800	274.737854004
-2918400	-364800	274.735198975
-2796800	-364800	274.791809082
-2675200	-364800	274.51171875
-2553600	-364800	274.073883057
-2432000	-364800	273.630187988
-2310400	-364800	273.215332031
-2188800	-364800	272.827880859
-2067200	-364800	272.483123779
-1945600	-364800	272.252258301
-1824000	-364800	271.959594727
-1702400	-364800	271.789337158
-1580800	-364800	271.710876465
-1459200	-364800	271.706329346
-1337600	-364800	271.676696777
-1216000	-364800	271.652587891
-1094400	-364800	271.622558594
-972800	-364800	272.154632568
-851200	-364800	272.080841064
-729600	-364800	272.098724365
-608000	-364800	272.126159668
-486400	-364800	272.121704102
-364800	-364800	272.122192383
-243200	-364800	271.940368652
-121600	-364800	271.875549316
0	-364800	271.845214844
121600	-364800	271.827880859
243200	-364800	271.819580078
364800	-364800	271.815460205
486400	-364800	271.816467285
608000	-364800	271.826446533
729600	-364800	271.845794678
851200	-364800	271.871337891
972800	-364800	271.900817871
1094400	-364800	271.933837891
1216000	-364800	271.971038818
1337600	-364800	272.013946533
1459200	-364800	272.065216064
1580800	-364800	272.126434326
1702400	-364800	272.189331055
1824000	-364800	272.287780762
1945600	-364800	272.473327637
2067200	-364800	272.581085205
2188800	-364800	272.364318848
2310400	-364800	272.481536865
2432000	-364800	272.689910889
2553600	-364800	272.518768311
2675200	-364800	272.199188232
2796800	-364800	272.291534424
2918400	-364800	272.908721924
3040000	-364800	273.039337158
-3040000	-486400	274.874206543
-2918400	-486400	274.900756836
-2796800	-486400	274.997436523
-2675200	-486400	274.592346191
-2553600	-486400	274.127319336
-2432000	-486400	273.694793701
-2310400	-486400	273.302001953
-2188800	-486400	272.947113037
-2067200	-486400	272.589172363
-1945600	-486400	272.445861816
-1824000	-486400	272.295410156
-1702400	-486400	271.992431641
-1580800	-486400	271.912139893
-1459200	-486400	271.782104492
-1337600	-486400	271.725219727
-1216000	-486400	271.692138672
-1094400	-486400	272.163543701
-972800	-486400	272.184295654
-851200	-486400	272.179748535
-729600	-486400	272.165710449
-608000	-486400	272.147827148
-486400	-486400	272.126434326
-364800	-486400	271.981658936
-243200	-486400	272.082672119
-121600	-486400	271.880432129
0	-486400	271.829956055
121600	-486400	271.796600342
243200	-486400	271.787139893
364800	-486400	271.774505615
486400	-486400	271.76461792
608000	-486400	271.771881104
729600	-486400	271.798461914
851200	-486400	271.83114624
972800	-486400	271.866729736
1094400	-486400	271.904693604
1216000	-486400	271.944641113
1337600	-486400	271.986328125
1459200	-486400	272.036071777
1580800	-486400	272.096221924
1702400	-486400	272.22277832
1824000	-486400	272.295562744
1945600	-486400	272.088348389
2067200	-486400	272.19921875
2188800	-486400	272.349761963
2310400	-486400	272.498352051
2432000	-486400	272.487579346
2553600	-486400	272.781799316
2675200	-486400	272.358917236
2796800	-486400	272.352294922
2918400	-486400	272.891540527
3040000	-486400	272.961578369
-3040000	-608000	275.003387451
-2918400	-608000	275.010986328
-2796800	-608000	275.023040771
-2675200	-608000	274.681243896
-2553600	-608000	274.201446533
-2432000	-608000	273.76071167
-2310400	-608000	273.359802246
-2188800	-608000	273.042510986
-2067200	-608000	272.730804443
-1945600	-608000	272.513153076
-1824000	-608000	272.353729248
-1702400	-608000	272.174285889
-1580800	-608000	272.257537842
-1459200	-608000	271.781646729
-1337600	-608000	271.74420166
-1216000	-608000	271.728363037
-1094400	-608000	272.235961914
-972800	-608000	272.228240967
-851200	-608000	272.225372314
-729600	-608000	272.242462158
-608000	-608000	272.170227051
-486400	-608000	272.166748047
-364800	-608000	271.967437744
-243200	-608000	272.055999756
-121600	-608000	272.025421143
0	-608000	272.048370361
121600	-608000	271.846618652
243200	-608000	271.757995605
364800	-608000	271.733215332
486400	-608000	271.697265625
608000	-608000	271.700805664
729600	-608000	271.747467041
851200	-608000	271.789276123
972800	-608000	271.831207275
1094400	-608000	271.874420166
1216000	-608000	271.918609619
1337600	-608000	271.930297852
1459200	-608000	272.072875977
1580800	-608000	272.1355896
1702400	-608000	272.205322266
1824000	-608000	272.278411865
1945600	-608000	272.359527588
2067200	-608000	272.376922607
2188800	-608000	272.535522461
2310400	-608000	272.549377441
2432000	-608000	272.76461792
2553600	-608000	272.680755615
2675200	-608000	272.489227295
2796800	-608000	272.541320801
2918400	-608000	272.922332764
3040000	-608000	272.97442627
-3040000	-729600	275.110473633
-2918400	-729600	275.094177246
-2796800	-729600	275.025054932
-2675200	-729600	274.79864502
-2553600	-729600	274.271026611
-2432000	-729600	273.809173584
-2310400	-729600	273.450958252
-2188800	-729600	273.132537842
-2067200	-729600	272.851409912
-1945600	-729600	272.600799561
-1824000	-729600	272.483673096
-1702400	-729600	272.130432129
-1580800	-729600	272.166381836
-1459200	-729600	271.619110107
-1337600	-729600	271.730316162
-1216000	-729600	271.740081787
-1094400	-729600	272.175201416
-972800	-729600	272.216186523
-851200	-729600	272.219696045
-729600	-729600	272.238494873
-608000	-729600	272.201660156
-486400	-729600	272.180938721
-364800	-729600	272.027282715
-243200	-729600	271.940887451
-121600	-729600	271.846038818
0	-729600	271.938323975
121600	-729600	271.887664795
243200	-729600	271.692871094
364800	-729600	271.712554932
486400	-729600	271.643127441
608000	-729600	271.65145874
729600	-729600	271.69921875
851200	-729600	271.74798584
972800	-729600	271.795440674
1094400	-729600	271.843414307
1216000	-729600	271.895629883
1337600	-729600	271.981811523
1459200	-729600	272.043731689
1580800	-729600	272.107513428
1702400	-729600	272.176757812
1824000	-729600	272.252502441
1945600	-729600	272.335906982
2067200	-729600	272.427154541
2188800	-729600	272.520782471
2310400	-729600	272.524291992
2432000	-729600	272.641876221
2553600	-729600	272.181304932
2675200	-729600	272.378570557
2796800	-729600	272.72177124
2918400	-729600	273.095031738
3040000	-729600	273.22076416
-3040000	-851200	275.248901367
-2918400	-851200	275.223297119
-2796800	-851200	275.083862305
-2675200	-851200	274.90246582
-2553600	-851200	274.381530762
-2432000	-851200	273.951385498
-2310400	-851200	273.560058594
-2188800	-851200	273.238372803
-2067200	-851200	272.975189209
-1945600	-851200	272.706420898
-1824000	-851200	272.73928833
-1702400	-851200	272.335571289
-1580800	-851200	271.754119873
-1459200	-851200	271.449554443
-1337600	-851200	271.933868408
-1216000	-851200	271.908599854
-1094400	-851200	271.992462158
-972800	-851200	272.352081299
-851200	-851200	272.321411133
-729600	-851200	272.29788208
-608000	-851200	272.251922607
-486400	-851200	272.178039551
-364800	-851200	272.031402588
-243200	-851200	271.845672607
-121600	-851200	271.884979248
0	-851200	271.757598877
121600	-851200	271.828735352
243200	-851200	271.85067749
364800	-851200	271.722198486
486400	-851200	271.549194336
608000	-851200	271.603240967
729600	-851200	271.655151367
851200	-851200	271.70703125
972800	-851200	271.75881958
1094400	-851200	271.809387207
1216000	-851200	271.861328125
1337600	-851200	271.914031982
1459200	-851200	272.010040283
1580800	-851200	272.018280029
1702400	-851200	272.090698242
1824000	-851200	272.219726562
1945600	-851200	272.303955078
2067200	-851200	272.374267578
2188800	-851200	272.525543213
2310400	-851200	272.653656006
2432000	-851200	272.472503662
2553600	-851200	272.207092285
2675200	-851200	272.538330078
2796800	-851200	273.000976562
2918400	-851200	273.451965332
3040000	-851200	273.704650879
-3040000	-972800	275.442871094
-2918400	-972800	275.434417725
-2796800	-972800	275.480621338
-2675200	-972800	275.070404053
-2553600	-972800	274.561798096
-2432000	-972800	274.101837158
-2310400	-972800	273.711273193
-2188800	-972800	273.355804443
-2067200	-972800	273.095031738
-1945600	-972800	272.836547852
-1824000	-972800	272.610992432
-1702400	-972800	272.34942627
-1580800	-972800	271.773742676
-1459200	-972800	271.526275635
-1337600	-972800	271.714996338
-1216000	-972800	272.119110107
-1094400	-972800	272.037414551
-972800	-972800	272.010803223
-851200	-972800	272.29107666
-729600	-972800	272.390075684
-608000	-972800	272.247070312
-486400	-972800	272.234924316
-364800	-972800	272.082183838
-243200	-972800	271.792572021
-121600	-972800	271.689117432
0	-972800	271.63671875
121600	-972800	271.683441162
243200	-972800	271.766113281
364800	-972800	271.757354736
486400	-972800	271.650756836
608000	-972800	271.574005127
729600	-972800	271.614257812
851200	-972800	271.668731689
972800	-972800	271.723419189
1094400	-972800	271.776794434
1216000	-972800	271.828338623
1337600	-972800	271.867950439
1459200	-972800	271.953033447
1580800	-972800	272.036834717
1702400	-972800	272.098236084
1824000	-972800	272.179107666
1945600	-972800	272.259735107
2067200	-972800	272.352539062
2188800	-972800	272.485412598
2310400	-972800	272.745269775
2432000	-972800	272.669311523
2553600	-972800	272.424987793
2675200	-972800	272.759765625
2796800	-972800	273.251220703
2918400	-972800	273.704772949
3040000	-972800	273.852874756
-3040000	-1094400	275.647125244
-2918400	-1094400	275.631439209
-2796800	-1094400	275.65032959
-2675200	-1094400	275.296508789
-2553600	-1094400	274.777313232
-2432000	-1094400	274.258239746
-2310400	-1094400	273.862091064
-2188800	-1094400	273.517822266
-2067200	-1094400	273.221160889
-1945600	-1094400	272.969299316
-1824000	-1094400	272.771240234
-1702400	-1094400	272.541717529
-1580800	-1094400	272.286468506
-1459200	-1094400	272.124420166
-1337600	-1094400	272.169219971
-1216000	-1094400	271.902709961
-1094400	-1094400	272.222686768
-972800	-1094400	272.138885498
-851200	-1094400	272.258270264
-729600	-1094400	272.534118652
-608000	-1094400	272.458709717
-486400	-1094400	272.263702393
-364800	-1094400	271.987579346
-243200	-1094400	271.723114014
-121600	-1094400	271.662017822
0	-1094400	271.654693604
121600	-1094400	271.645477295
243200	-1094400	271.704315186
364800	-1094400	271.837524414
486400	-1094400	271.641662598
608000	-1094400	271.525421143
729600	-1094400	271.574371338
851200	-1094400	271.631958008
972800	-1094400	271.689666748
1094400	-1094400	271.745300293
1216000	-1094400	271.794799805
1337600	-1094400	271.856048584
1459200	-1094400	271.940093994
1580800	-1094400	271.976745605
1702400	-1094400	272.001068115
1824000	-1094400	272.134796143
1945600	-1094400	272.209564209
2067200	-1094400	272.278167725
2188800	-1094400	272.306549072
2310400	-1094400	272.362548828
2432000	-1094400	272.410766602
2553600	-1094400	272.617828369
2675200	-1094400	273.014160156
2796800	-1094400	273.480834961
2918400	-1094400	273.92276001
3040000	-1094400	273.961883545
-3040000	-1216000	275.840118408
-2918400	-1216000	275.802978516
-2796800	-1216000	275.692901611
-2675200	-1216000	275.481231689
-2553600	-1216000	274.977905273
-2432000	-1216000	274.476837158
-2310400	-1216000	274.05291748
-2188800	-1216000	273.689941406
-2067200	-1216000	273.349578857
-1945600	-1216000	273.11932373
-1824000	-1216000	272.903533936
-1702400	-1216000	272.710235596
-1580800	-1216000	272.49987793
-1459200	-1216000	272.289825439
-1337600	-1216000	272.206939697
-1216000	-1216000	271.916290283
-1094400	-1216000	272.040679932
-972800	-1216000	271.367034912
-851200	-1216000	272.313903809
-729600	-1216000	272.656158447
-608000	-1216000	272.353149414
-486400	-1216000	272.458251953
-364800	-1216000	271.668884277
-243200	-1216000	272.172271729
-121600	-1216000	271.995697021
0	-1216000	271.887481689
121600	-1216000	271.900360107
243200	-1216000	271.937011719
364800	-1216000	271.582366943
486400	-1216000	271.579376221
608000	-1216000	271.471679688
729600	-1216000	271.534057617
851200	-1216000	271.637207031
972800	-1216000	271.697387695
1094400	-1216000	271.754211426
1216000	-1216000	271.82043457
1337600	-1216000	271.850708008
1459200	-1216000	271.872589111
1580800	-1216000	271.959197998
1702400	-1216000	272.026367188
1824000	-1216000	272.033813477
1945600	-1216000	272.118408203
2067200	-1216000	272.136474609
2188800	-1216000	272.203521729
2310400	-1216000	272.204833984
2432000	-1216000	272.392822266
2553600	-1216000	272.784484863
2675200	-1216000	273.249237061
2796800	-1216000	273.714538574
2918400	-1216000	274.100494385
3040000	-1216000	274.237091064
-3040000	-1337600	276.051696777
-2918400	-1337600	276.027801514
-2796800	-1337600	275.927856445
-2675200	-1337600	275.695037842
-2553600	-1337600	275.215454102
-2432000	-1337600	274.715576172
-2310400	-1337600	274.257751465
-2188800	-1337600	273.881469727
-2067200	-1337600	273.540313721
-1945600	-1337600	273.261413574
-1824000	-1337600	273.039001465
-1702400	-1337600	272.866729736
-1580800	-1337600	272.72277832
-1459200	-1337600	272.575744629
-1337600	-1337600	272.370697021
-1216000	-1337600	272.168243408
-1094400	-1337600	271.999237061
-972800	-1337600	271.941864014
-851200	-1337600	272.152740479
-729600	-1337600	271.970977783
-608000	-1337600	271.765472412
-486400	-1337600	271.735565186
-364800	-1337600	271.676055908
-243200	-1337600	271.822662354
-121600	-1337600	271.792449951
0	-1337600	271.715454102
121600	-1337600	272.178039551
243200	-1337600	271.994934082
364800	-1337600	271.777923584
486400	-1337600	271.466217041
608000	-1337600	271.45916748
729600	-1337600	271.538726807
851200	-1337600	271.609558105
972800	-1337600	271.671844482
1094400	-1337600	271.739868164
1216000	-1337600	271.787200928
1337600	-1337600	271.858337402
1459200	-1337600	271.865325928
1580800	-1337600	271.877807617
1702400	-1337600	271.938018799
1824000	-1337600	271.971832275
1945600	-1337600	272.119506836
2067200	-1337600	272.188781738
2188800	-1337600	272.347229004
2310400	-1337600	272.521148682
2432000	-1337600	272.702697754
2553600	-1337600	273.103240967
2675200	-1337600	273.508239746
2796800	-1337600	273.955749512
2918400	-1337600	274.380310059
3040000	-1337600	274.570678711
-3040000	-1459200	NaN
-2918400	-1459200	276.303924561
-2796800	-1459200	276.29901123
-2675200	-1459200	275.973876953
-2553600	-1459200	275.498138428
-2432000	-1459200	275.009490967
-2310400	-1459200	274.515014648
-2188800	-1459200	274.086639404
-2067200	-1459200	273.716003418
-1945600	-1459200	273.430664062
-1824000	-1459200	273.200744629
-1702400	-1459200	273.034515381
-1580800	-1459200	272.901947021
-1459200	-1459200	272.762969971
-1337600	-1459200	272.589813232
-1216000	-1459200	272.323822021
-1094400	-1459200	272.17590332
-972800	-1459200	272.05065918
-851200	-1459200	272.015533447
-729600	-1459200	271.98626709
-608000	-1459200	271.938537598
-486400	-1459200	271.881103516
-364800	-1459200	271.942230225
-243200	-1459200	271.697967529
-121600	-1459200	271.745666504
0	-1459200	271.771057129
121600	-1459200	271.940246582
243200	-1459200	271.734344482
364800	-1459200	271.695983887
486400	-1459200	271.575622559
608000	-1459200	271.582580566
729600	-1459200	271.514099121
851200	-1459200	271.593170166
972800	-1459200	271.671142578
1094400	-1459200	271.724822998
1216000	-1459200	271.790405273
1337600	-1459200	271.806121826
1459200	-1459200	271.883392334
1580800	-1459200	271.886779785
1702400	-1459200	271.891448975
1824000	-1459200	271.968078613
1945600	-1459200	272.004364014
2067200	-1459200	272.165863037
2188800	-1459200	272.414733887
2310400	-1459200	272.566131592
2432000	-1459200	273.031219482
2553600	-1459200	273.435119629
2675200	-1459200	273.84552002
2796800	-1459200	274.270874023
2918400	-1459200	274.690460205
3040000	-1459200	NaN
-3040000	-1580800	NaN
-2918400	-1580800	276.576751709
-2796800	-1580800	276.519775391
-2675200	-1580800	276.317810059
-2553600	-1580800	275.832550049
-2432000	-1580800	275.295227051
-2310400	-1580800	274.780395508
-2188800	-1580800	274.315032959
-2067200	-1580800	273.944274902
-1945600	-1580800	273.642089844
-1824000	-1580800	273.380828857
-1702400	-1580800	273.224243164
-1580800	-1580800	273.078979492
-1459200	-1580800	272.915893555
-1337600	-1580800	272.743499756
-1216000	-1580800	272.498321533
-1094400	-1580800	272.31036377
-972800	-1580800	272.224243164
-851200	-1580800	272.164855957
-729600	-1580800	272.121704102
-608000	-1580800	272.079040527
-486400	-1580800	272.026550293
-364800	-1580800	271.957885742
-243200	-1580800	271.910766602
-121600	-1580800	271.838256836
0	-1580800	271.859558105
121600	-1580800	272.088989258
243200	-1580800	271.690673828
364800	-1580800	271.610717773
486400	-1580800	271.737365723
608000	-1580800	271.451812744
729600	-1580800	271.509338379
851200	-1580800	271.595794678
972800	-1580800	271.658782959
1094400	-1580800	271.707336426
1216000	-1580800	271.730895996
1337600	-1580800	271.797851562
1459200	-1580800	271.848693848
1580800	-1580800	271.843414307
1702400	-1580800	271.785827637
1824000	-1580800	271.889678955
1945600	-1580800	271.81137085
2067200	-1580800	272.116607666
2188800	-1580800	272.402801514
2310400	-1580800	272.835388184
2432000	-1580800	273.325927734
2553600	-1580800	273.784606934
2675200	-1580800	274.211273193
2796800	-1580800	274.653839111
2918400	-1580800	275.020446777
3040000	-1580800	NaN
-3040000	-1702400	NaN
-2918400	-1702400	NaN
-2796800	-1702400	276.971221924
-2675200	-1702400	276.639343262
-2553600	-1702400	276.127929688
-2432000	-1702400	275.576873779
-2310400	-1702400	275.054077148
-2188800	-1702400	274.586425781
-2067200	-1702400	274.155181885
-1945600	-1702400	273.861572266
-1824000	-1702400	273.615112305
-1702400	-1702400	273.432189941
-1580800	-1702400	273.24017334
-1459200	-1702400	273.050476074
-1337600	-1702400	272.886535645
-1216000	-1702400	272.720001221
-1094400	-1702400	272.562164307
-972800	-1702400	272.38067627
-851200	-1702400	272.296203613
-729600	-1702400	272.24307251
-608000	-1702400	272.209716797
-486400	-1702400	272.170898438
-364800	-1702400	272.099334717
-243200	-1702400	272.037902832
-121600	-1702400	271.961242676
0	-1702400	272.140625
121600	-1702400	271.974456787
243200	-1702400	271.822906494
364800	-1702400	271.652801514
486400	-1702400	271.54208374
608000	-1702400	271.481201172
729600	-1702400	271.542724609
851200	-1702400	271.589935303
972800	-1702400	271.658935547
1094400	-1702400	271.698913574
1216000	-1702400	271.73739624
1337600	-1702400	271.780670166
1459200	-1702400	271.833282471
1580800	-1702400	271.814086914
1702400	-1702400	271.825500488
1824000	-1702400	271.937927246
1945600	-1702400	271.978912354
2067200	-1702400	272.149627686
2188800	-1702400	272.623291016
2310400	-1702400	273.18145752
2432000	-1702400	273.689086914
2553600	-1702400	274.157958984
2675200	-1702400	274.603973389
2796800	-1702400	275.017608643
2918400	-1702400	NaN
3040000	-1702400	NaN
-3040000	-1824000	NaN
-2918400	-1824000	NaN
-2796800	-1824000	NaN
-2675200	-1824000	276.988525391
-2553600	-1824000	276.422332764
-2432000	-1824000	275.853759766
-2310400	-1824000	275.306549072
-2188800	-1824000	274.857879639
-2067200	-1824000	274.448577881
-1945600	-1824000	274.086914062
-1824000	-1824000	273.835144043
-1702400	-1824000	273.616241455
-1580800	-1824000	273.390441895
-1459200	-1824000	273.189727783
-1337600	-1824000	273.012023926
-1216000	-1824000	272.879608154
-1094400	-1824000	272.754638672
-972800	-1824000	272.603088379
-851200	-1824000	272.47052002
-729600	-1824000	272.373779297
-608000	-1824000	272.322845459
-486400	-1824000	272.267913818
-364800	-1824000	272.211151123
-243200	-1824000	272.155914307
-121600	-1824000	272.069152832
0	-1824000	272.214660645
121600	-1824000	272.112213135
243200	-1824000	271.769836426
364800	-1824000	271.657409668
486400	-1824000	271.52911377
608000	-1824000	271.479553223
729600	-1824000	271.571899414
851200	-1824000	271.633026123
972800	-1824000	271.668243408
1094400	-1824000	271.691772461
1216000	-1824000	271.722747803
1337600	-1824000	271.766265869
1459200	-1824000	271.851989746
1580800	-1824000	271.841766357
1702400	-1824000	271.779602051
1824000	-1824000	271.793121338
1945600	-1824000	272.069671631
2067200	-1824000	272.607635498
2188800	-1824000	272.989746094
2310400	-1824000	273.556274414
2432000	-1824000	274.084014893
2553600	-1824000	274.562286377
2675200	-1824000	275.00958252
2796800	-1824000	NaN
2918400	-1824000	NaN
3040000	-1824000	NaN
-3040000	-1945600	NaN
-2918400	-1945600	NaN
-2796800	-1945600	NaN
-2675200	-1945600	277.330841064
-2553600	-1945600	276.795623779
-2432000	-1945600	276.16519165
-2310400	-1945600	275.617218018
-2188800	-1945600	275.128814697
-2067200	-1945600	274.732757568
-1945600	-1945600	274.370544434
-1824000	-1945600	274.050445557
-1702400	-1945600	273.791717529
-1580800	-1945600	273.545257568
-1459200	-1945600	273.320495605
-1337600	-1945600	273.125335693
-1216000	-1945600	272.974761963
-1094400	-1945600	272.848266602
-972800	-1945600	272.734466553
-851200	-1945600	272.608215332
-729600	-1945600	272.510284424
-608000	-1945600	272.429199219
-486400	-1945600	272.350708008
-364800	-1945600	272.295166016
-243200	-1945600	272.238800049
-121600	-1945600	272.232025146
0	-1945600	272.180114746
121600	-1945600	272.062561035
243200	-1945600	271.819213867
364800	-1945600	271.702423096
486400	-1945600	271.513549805
608000	-1945600	271.292449951
729600	-1945600	271.551757812
851200	-1945600	271.648590088
972800	-1945600	271.688903809
1094400	-1945600	271.675720215
1216000	-1945600	271.688232422
1337600	-1945600	271.770996094
1459200	-1945600	271.802368164
1580800	-1945600	271.960723877
1702400	-1945600	271.763122559
1824000	-1945600	272.091186523
1945600	-1945600	272.502716064
2067200	-1945600	272.777740479
2188800	-1945600	273.362762451
2310400	-1945600	273.960693359
2432000	-1945600	274.510803223
2553600	-1945600	274.987518311
2675200	-1945600	275.41809082
2796800	-1945600	NaN
2918400	-1945600	NaN
3040000	-1945600	NaN
-3040000	-2067200	NaN
-2918400	-2067200	NaN
-2796800	-2067200	NaN
-2675200	-2067200	NaN
-2553600	-2067200	277.240783691
-2432000	-2067200	276.618621826
-2310400	-2067200	276.037719727
-2188800	-2067200	275.476104736
-2067200	-2067200	275.059539795
-1945600	-2067200	274.641296387
-1824000	-2067200	274.3125
-1702400	-2067200	274.01864624
-1580800	-2067200	273.72744751
-1459200	-2067200	273.471130371
-1337600	-2067200	273.255645752
-1216000	-2067200	273.071166992
-1094400	-2067200	272.930603027
-972800	-2067200	272.802154541
-851200	-2067200	272.691833496
-729600	-2067200	272.591949463
-608000	-2067200	272.505645752
-486400	-2067200	272.440826416
-364800	-2067200	272.375
-243200	-2067200	272.310516357
-121600	-2067200	272.287963867
0	-2067200	272.254425049
121600	-2067200	272.097961426
243200	-2067200	271.871063232
364800	-2067200	271.671844482
486400	-2067200	271.589294434
608000	-2067200	271.309692383
729600	-2067200	271.45199585
851200	-2067200	271.785705566
972800	-2067200	271.657806396
1094400	-2067200	271.633575439
1216000	-2067200	271.566436768
1337600	-2067200	271.803497314
1459200	-2067200	271.815460205
1580800	-2067200	271.732055664
1702400	-2067200	272.025390625
1824000	-2067200	272.321228027
1945600	-2067200	272.627563477
2067200	-2067200	273.234680176
2188800	-2067200	273.818817139
2310400	-2067200	274.475646973
2432000	-2067200	274.9765625
2553600	-2067200	275.424987793
2675200	-2067200	NaN
2796800	-2067200	NaN
2918400	-2067200	NaN
3040000	-2067200	NaN
-3040000	-2188800	NaN
-2918400	-2188800	NaN
-2796800	-2188800	NaN
-2675200	-2188800	NaN
-2553600	-2188800	NaN
-2432000	-2188800	277.015686035
-2310400	-2188800	276.413848877
-2188800	-2188800	275.87399292
-2067200	-2188800	275.387176514
-1945600	-2188800	274.977050781
-1824000	-2188800	274.595977783
-1702400	-2188800	274.253814697
-1580800	-2188800	273.917602539
-1459200	-2188800	273.630004883
-1337600	-2188800	273.393432617
-1216000	-2188800	273.20324707
-1094400	-2188800	273.027160645
-972800	-2188800	272.885009766
-851200	-2188800	272.777526855
-729600	-2188800	272.677185059
-608000	-2188800	272.59161377
-486400	-2188800	272.523742676
-364800	-2188800	272.459197998
-243200	-2188800	272.394775391
-121600	-2188800	272.327514648
0	-2188800	272.230926514
121600	-2188800	272.103485107
243200	-2188800	271.936950684
364800	-2188800	271.765533447
486400	-2188800	271.648529053
608000	-2188800	271.642333984
729600	-2188800	271.648071289
851200	-2188800	271.673919678
972800	-2188800	271.461914062
1094400	-2188800	271.530731201
1216000	-2188800	271.756011963
1337600	-2188800	271.990631104
1459200	-2188800	272.084960938
1580800	-2188800	272.138153076
1702400	-2188800	272.4012146
1824000	-2188800	272.715942383
1945600	-2188800	273.171295166
2067200	-2188800	273.711456299
2188800	-2188800	274.380889893
2310400	-2188800	274.939910889
2432000	-2188800	275.4581604
2553600	-2188800	NaN
2675200	-2188800	NaN
2796800	-2188800	NaN
2918400	-2188800	NaN
3040000	-2188800	NaN
-3040000	-2310400	NaN
-2918400	-2310400	NaN
-2796800	-2310400	NaN
-2675200	-2310400	NaN
-2553600	-2310400	NaN
-2432000	-2310400	NaN
-2310400	-2310400	276.774749756
-2188800	-2310400	276.214263916
-2067200	-2310400	275.723724365
-1945600	-2310400	275.279937744
-1824000	-2310400	274.872528076
-1702400	-2310400	274.488891602
-1580800	-2310400	274.131225586
-1459200	-2310400	273.785522461
-1337600	-2310400	273.503082275
-1216000	-2310400	273.297790527
-1094400	-2310400	273.12979126
-972800	-2310400	273.010223389
-851200	-2310400	272.890808105
-729600	-2310400	272.778961182
-608000	-2310400	272.686706543
-486400	-2310400	272.609741211
-364800	-2310400	272.545196533
-243200	-2310400	272.480438232
-121600	-2310400	272.403259277
0	-2310400	272.287445068
121600	-2310400	272.151702881
243200	-2310400	272.020385742
364800	-2310400	271.904205322
486400	-2310400	271.829376221
608000	-2310400	271.818145752
729600	-2310400	271.816040039
851200	-2310400	271.82989502
972800	-2310400	271.838317871
1094400	-2310400	271.8828125
1216000	-2310400	272.011810303
1337600	-2310400	272.109771729
1459200	-2310400	272.281768799
1580800	-2310400	272.535003662
1702400	-2310400	272.839508057
1824000	-2310400	273.257019043
1945600	-2310400	273.720794678
2067200	-2310400	274.333587646
2188800	-2310400	274.932312012
2310400	-2310400	275.450714111
2432000	-2310400	NaN
2553600	-2310400	NaN
2675200	-2310400	NaN
2796800	-2310400	NaN
2918400	-2310400	NaN
3040000	-2310400	NaN
-3040000	-2432000	NaN
-2918400	-2432000	NaN
-2796800	-2432000	NaN
-2675200	-2432000	NaN
-2553600	-2432000	NaN
-2432000	-2432000	NaN
-2310400	-2432000	NaN
-2188800	-2432000	276.51574707
-2067200	-2432000	275.993164062
-1945600	-2432000	275.543334961
-1824000	-2432000	275.096679688
-1702400	-2432000	274.705627441
-1580800	-2432000	274.312805176
-1459200	-2432000	273.926635742
-1337600	-2432000	273.638122559
-1216000	-2432000	273.385650635
-1094400	-2432000	273.215454102
-972800	-2432000	273.091125488
-851200	-2432000	272.971405029
-729600	-2432000	272.881744385
-608000	-2432000	272.786682129
-486400	-2432000	272.702575684
-364800	-2432000	272.602386475
-243200	-2432000	272.538787842
-121600	-2432000	272.478820801
0	-2432000	272.423553467
121600	-2432000	272.246673584
243200	-2432000	272.127349854
364800	-2432000	272.057769775
486400	-2432000	272.094726562
608000	-2432000	272.101654053
729600	-2432000	271.987335205
851200	-2432000	272.031463623
972800	-2432000	272.066558838
1094400	-2432000	272.162536621
1216000	-2432000	272.210388184
1337600	-2432000	272.33996582
1459200	-2432000	272.512481689
1580800	-2432000	272.820281982
1702400	-2432000	273.311157227
1824000	-2432000	273.728637695
1945600	-2432000	274.280426025
2067200	-2432000	274.769134521
2188800	-2432000	275.431304932
2310400	-2432000	NaN
2432000	-2432000	NaN
2553600	-2432000	NaN
2675200	-2432000	NaN
2796800	-2432000	NaN
2918400	-2432000	NaN
3040000	-2432000	NaN
-3040000	-2553600	NaN
-2918400	-2553600	NaN
-2796800	-2553600	NaN
-2675200	-2553600	NaN
-2553600	-2553600	NaN
-2432000	-2553600	NaN
-2310400	-2553600	NaN
-2188800	-2553600	NaN
-2067200	-2553600	276.080780029
-1945600	-2553600	275.638336182
-1824000	-2553600	275.224304199
-1702400	-2553600	274.828460693
-1580800	-2553600	274.46005249
-1459200	-2553600	274.091522217
-1337600	-2553600	273.795532227
-1216000	-2553600	273.528045654
-1094400	-2553600	273.312194824
-972800	-2553600	273.153137207
-851200	-2553600	273.013061523
-729600	-2553600	272.905334473
-608000	-2553600	272.826416016
-486400	-2553600	272.744140625
-364800	-2553600	272.633178711
-243200	-2553600	272.55178833
-121600	-2553600	272.483184814
0	-2553600	272.399658203
121600	-2553600	272.298828125
243200	-2553600	272.220184326
364800	-2553600	272.20715332
486400	-2553600	272.280883789
608000	-2553600	272.2784729
729600	-2553600	272.234954834
851200	-2553600	272.197021484
972800	-2553600	272.236022949
1094400	-2553600	272.307922363
1216000	-2553600	272.37121582
1337600	-2553600	272.496154785
1459200	-2553600	272.608825684
1580800	-2553600	272.924316406
1702400	-2553600	273.442108154
1824000	-2553600	273.966918945
1945600	-2553600	274.458465576
2067200	-2553600	274.936065674
2188800	-2553600	NaN
2310400	-2553600	NaN
2432000	-2553600	NaN
2553600	-2553600	NaN
2675200	-2553600	NaN
2796800	-2553600	NaN
2918400	-2553600	NaN
3040000	-2553600	NaN
-3040000	-2675200	NaN
-2918400	-2675200	NaN
-2796800	-2675200	NaN
-2675200	-2675200	NaN
-2553600	-2675200	NaN
-2432000	-2675200	NaN
-2310400	-2675200	NaN
-2188800	-2675200	NaN
-2067200	-2675200	NaN
-1945600	-2675200	275.684692383
-1824000	-2675200	275.300720215
-1702400	-2675200	274.930175781
-1580800	-2675200	274.573944092
-1459200	-2675200	274.238067627
-1337600	-2675200	273.93963623
-1216000	-2675200	273.676300049
-1094400	-2675200	273.443206787
-972800	-2675200	273.246551514
-851200	-2675200	273.088684082
-729600	-2675200	272.965240479
-608000	-2675200	272.867553711
-486400	-2675200	272.766815186
-364800	-2675200	272.664031982
-243200	-2675200	272.575805664
-121600	-2675200	272.502807617
0	-2675200	272.439178467
121600	-2675200	272.373352051
243200	-2675200	272.328979492
364800	-2675200	272.332550049
486400	-2675200	272.381469727
608000	-2675200	272.419616699
729600	-2675200	272.4324646
851200	-2675200	272.4112854
972800	-2675200	272.413482666
1094400	-2675200	272.465637207
1216000	-2675200	272.564819336
1337600	-2675200	272.676147461
1459200	-2675200	272.762634277
1580800	-2675200	272.956726074
1702400	-2675200	273.436065674
1824000	-2675200	273.993377686
1945600	-2675200	274.441650391
2067200	-2675200	NaN
2188800	-2675200	NaN
2310400	-2675200	NaN
2432000	-2675200	NaN
2553600	-2675200	NaN
2675200	-2675200	NaN
2796800	-2675200	NaN
2918400	-2675200	NaN
3040000	-2675200	NaN
-3040000	-2796800	NaN
-2918400	-2796800	NaN
-2796800	-2796800	NaN
-2675200	-2796800	NaN
-2553600	-2796800	NaN
-2432000	-2796800	NaN
-2310400	-2796800	NaN
-2188800	-2796800	NaN
-2067200	-2796800	NaN
-1945600	-2796800	NaN
-1824000	-2796800	NaN
-1702400	-2796800	274.987060547
-1580800	-2796800	274.648376465
-1459200	-2796800	274.327056885
-1337600	-2796800	274.035217285
-1216000	-2796800	273.773925781
-1094400	-2796800	273.546325684
-972800	-2796800	273.340484619
-851200	-2796800	273.164001465
-729600	-2796800	273.027160645
-608000	-2796800	272.914733887
-486400	-2796800	272.814025879
-364800	-2796800	272.714202881
-243200	-2796800	272.622924805
-121600	-2796800	272.544677734
0	-2796800	272.48828125
121600	-2796800	272.439819336
243200	-2796800	272.406097412
364800	-2796800	272.406768799
486400	-2796800	272.448791504
608000	-2796800	272.512237549
729600	-2796800	272.567810059
851200	-2796800	272.591796875
972800	-2796800	272.61126709
1094400	-2796800	272.656341553
1216000	-2796800	272.741516113
1337600	-2796800	272.838623047
1459200	-2796800	272.924377441
1580800	-2796800	273.110778809
1702400	-2796800	273.479919434
1824000	-2796800	NaN
1945600	-2796800	NaN
2067200	-2796800	NaN
2188800	-2796800	NaN
2310400	-2796800	NaN
2432000	-2796800	NaN
2553600	-2796800	NaN
2675200	-2796800	NaN
2796800	-2796800	NaN
2918400	-2796800	NaN
3040000	-2796800	NaN
-3040000	-2918400	NaN
-2918400	-2918400	NaN
-2796800	-2918400	NaN
-2675200	-2918400	NaN
-2553600	-2918400	NaN
-2432000	-2918400	NaN
-2310400	-2918400	NaN
-2188800	-2918400	NaN
-2067200	-2918400	NaN
-1945600	-2918400	NaN
-1824000	-2918400	NaN
-1702400	-2918400	NaN
-1580800	-2918400	274.690460205
-1459200	-2918400	274.377929688
-1337600	-2918400	274.096405029
-1216000	-2918400	273.844116211
-1094400	-2918400	273.61630249
-972800	-2918400	273.409423828
-851200	-2918400	273.22644043
-729600	-2918400	273.078552246
-608000	-2918400	272.956298828
-486400	-2918400	272.853485107
-364800	-2918400	272.758270264
-243200	-2918400	272.674285889
-121600	-2918400	272.588592529
0	-2918400	272.521331787
121600	-2918400	272.472290039
243200	-2918400	272.452087402
364800	-2918400	272.446350098
486400	-2918400	272.477844238
608000	-2918400	272.53024292
729600	-2918400	272.599243164
851200	-2918400	272.676330566
972800	-2918400	272.752716064
1094400	-2918400	272.85144043
1216000	-2918400	272.950592041
1337600	-2918400	273.053192139
1459200	-2918400	273.152282715
1580800	-2918400	273.313232422
1702400	-2918400	NaN
1824000	-2918400	NaN
1945600	-2918400	NaN
2067200	-2918400	NaN
2188800	-2918400	NaN
2310400	-2918400	NaN
2432000	-2918400	NaN
2553600	-2918400	NaN
2675200	-2918400	NaN
2796800	-2918400	NaN
2918400	-2918400	NaN
3040000	-2918400	NaN
-3040000	-3040000	NaN
-2918400	-3040000	NaN
-2796800	-3040000	NaN
-2675200	-3040000	NaN
-2553600	-3040000	NaN
-2432000	-3040000	NaN
-2310400	-3040000	NaN
-2188800	-3040000	NaN
-2067200	-3040000	NaN
-1945600	-3040000	NaN
-1824000	-3040000	NaN
-1702400	-3040000	NaN
-1580800	-3040000	NaN
-1459200	-3040000	NaN
-1337600	-3040000	274.125091553
-1216000	-3040000	273.88104248
-1094400	-3040000	273.65322876
-972800	-3040000	273.447052002
-851200	-3040000	273.269104004
-729600	-3040000	273.114440918
-608000	-3040000	272.979278564
-486400	-3040000	272.870178223
-364800	-3040000	272.782897949
-243200	-3040000	272.712341309
-121600	-3040000	272.629455566
0	-3040000	272.543579102
121600	-3040000	272.487030029
243200	-3040000	272.465301514
364800	-3040000	272.466827393
486400	-3040000	272.489990234
608000	-3040000	272.532196045
729600	-3040000	272.596496582
851200	-3040000	272.680603027
972800	-3040000	272.779998779
1094400	-3040000	272.914428711
1216000	-3040000	273.058349609
1337600	-3040000	273.194976807
1459200	-3040000	NaN
1580800	-3040000	NaN
1702400	-3040000	NaN
1824000	-3040000	NaN
1945600	-3040000	NaN
2067200	-3040000	NaN
2188800	-3040000	NaN
2310400	-3040000	NaN
2432000	-3040000	NaN
2553600	-3040000	NaN
2675200	-3040000	NaN
2796800	-3040000	NaN
2918400	-3040000	NaN
3040000	-3040000	NaN
