-3040000	3040000	0
-2918400	3040000	0
-2796800	3040000	0
-2675200	3040000	0
-2553600	3040000	0
-2432000	3040000	0
-2310400	3040000	0
-2188800	3040000	0
-2067200	3040000	0
-1945600	3040000	0
-1824000	3040000	0
-1702400	3040000	0
-1580800	3040000	0
-1459200	3040000	0
-1337600	3040000	0
-1216000	3040000	0
-1094400	3040000	0
-972800	3040000	0
-851200	3040000	0
-729600	3040000	0
-608000	3040000	0
-486400	3040000	0
-364800	3040000	0
-243200	3040000	0
-121600	3040000	0
0	3040000	0
121600	3040000	0
243200	3040000	0
364800	3040000	0
486400	3040000	0
608000	3040000	0
729600	3040000	0
851200	3040000	0
972800	3040000	0
1094400	3040000	0
1216000	3040000	0
1337600	3040000	0
1459200	3040000	0
1580800	3040000	0
1702400	3040000	0
1824000	3040000	0
1945600	3040000	0
2067200	3040000	0
2188800	3040000	0
2310400	3040000	0
2432000	3040000	0
2553600	3040000	0
2675200	3040000	0
2796800	3040000	0
2918400	3040000	0
3040000	3040000	0
-3040000	2918400	0
-2918400	2918400	0
-2796800	2918400	0
-2675200	2918400	0
-2553600	2918400	0
-2432000	2918400	0
-2310400	2918400	0
-2188800	2918400	0
-2067200	2918400	0
-1945600	2918400	0
-1824000	2918400	0
-1702400	2918400	0
-1580800	2918400	0
-1459200	2918400	0
-1337600	2918400	0
-1216000	2918400	0
-1094400	2918400	0
-972800	2918400	0
-851200	2918400	0
-729600	2918400	0
-608000	2918400	0
-486400	2918400	0
-364800	2918400	0
-243200	2918400	0
-121600	2918400	0
0	2918400	0
121600	2918400	0
243200	2918400	0
364800	2918400	0
486400	2918400	0
608000	2918400	0
729600	2918400	0
851200	2918400	0
972800	2918400	0
1094400	2918400	0
1216000	2918400	0
1337600	2918400	0
1459200	2918400	0
1580800	2918400	0
1702400	2918400	0
1824000	2918400	0
1945600	2918400	0
2067200	2918400	0
2188800	2918400	0
2310400	2918400	0
2432000	2918400	0
2553600	2918400	0
2675200	2918400	0
2796800	2918400	0
2918400	2918400	0
3040000	2918400	0
-3040000	2796800	0
-2918400	2796800	0
-2796800	2796800	0
-2675200	2796800	0
-2553600	2796800	0
-2432000	2796800	0
-2310400	2796800	0
-2188800	2796800	0
-2067200	2796800	0
-1945600	2796800	0
-1824000	2796800	0
-1702400	2796800	0
-1580800	2796800	0
-1459200	2796800	0
-1337600	2796800	0
-1216000	2796800	0
-1094400	2796800	0
-972800	2796800	0
-851200	2796800	0
-729600	2796800	0
-608000	2796800	0
-486400	2796800	0
-364800	2796800	0
-243200	2796800	0
-121600	2796800	0
0	2796800	0
121600	2796800	0
243200	2796800	0
364800	2796800	0
486400	2796800	0
608000	2796800	0
729600	2796800	0
851200	2796800	0
972800	2796800	0
1094400	2796800	0
1216000	2796800	0
1337600	2796800	0
1459200	2796800	0
1580800	2796800	0
1702400	2796800	0
1824000	2796800	0
1945600	2796800	0
2067200	2796800	0
2188800	2796800	0
2310400	2796800	0
2432000	2796800	0
2553600	2796800	0
2675200	2796800	0
2796800	2796800	0
2918400	2796800	0
3040000	2796800	0
-3040000	2675200	0
-2918400	2675200	0
-2796800	2675200	0
-2675200	2675200	0
-2553600	2675200	0
-2432000	2675200	0
-2310400	2675200	0
-2188800	2675200	0
-2067200	2675200	0
-1945600	2675200	0
-1824000	2675200	0
-1702400	2675200	0
-1580800	2675200	0
-1459200	2675200	0
-1337600	2675200	0
-1216000	2675200	0
-1094400	2675200	0
-972800	2675200	0
-851200	2675200	0
-729600	2675200	0
-608000	2675200	0
-486400	2675200	0
-364800	2675200	0
-243200	2675200	0
-121600	2675200	0
0	2675200	0
121600	2675200	0
243200	2675200	0
364800	2675200	0
486400	2675200	0
608000	2675200	0
729600	2675200	0
851200	2675200	0
972800	2675200	0
1094400	2675200	0
1216000	2675200	0
1337600	2675200	0
1459200	2675200	0
1580800	2675200	0
1702400	2675200	0
1824000	2675200	0
1945600	2675200	0
2067200	2675200	0
2188800	2675200	0
2310400	2675200	0
2432000	2675200	0
2553600	2675200	0
2675200	2675200	0
2796800	2675200	0
2918400	2675200	0
3040000	2675200	0
-3040000	2553600	0
-2918400	2553600	0
-2796800	2553600	0
-2675200	2553600	0
-2553600	2553600	0
-2432000	2553600	0
-2310400	2553600	0
-2188800	2553600	0
-2067200	2553600	0
-1945600	2553600	0
-1824000	2553600	0
-1702400	2553600	0
-1580800	2553600	0
-1459200	2553600	0
-1337600	2553600	0
-1216000	2553600	0
-1094400	2553600	0
-972800	2553600	0
-851200	2553600	0
-729600	2553600	0
-608000	2553600	0
-486400	2553600	0
-364800	2553600	0
-243200	2553600	0
-121600	2553600	0
0	2553600	0
121600	2553600	0
243200	2553600	0
364800	2553600	0
486400	2553600	0
608000	2553600	0
729600	2553600	0
851200	2553600	0
972800	2553600	0
1094400	2553600	0
1216000	2553600	0
1337600	2553600	0
1459200	2553600	0
1580800	2553600	0
1702400	2553600	0
1824000	2553600	0
1945600	2553600	0
2067200	2553600	0
2188800	2553600	0
2310400	2553600	0
2432000	2553600	0
2553600	2553600	0
2675200	2553600	0
2796800	2553600	0
2918400	2553600	0
3040000	2553600	0
-3040000	2432000	0
-2918400	2432000	0
-2796800	2432000	0
-2675200	2432000	0
-2553600	2432000	0
-2432000	2432000	0
-2310400	2432000	0
-2188800	2432000	0
-2067200	2432000	0
-1945600	2432000	0
-1824000	2432000	0
-1702400	2432000	0
-1580800	2432000	0
-1459200	2432000	0
-1337600	2432000	0
-1216000	2432000	0
-1094400	2432000	0
-972800	2432000	0
-851200	2432000	0
-729600	2432000	0
-608000	2432000	0
-486400	2432000	0
-364800	2432000	0
-243200	2432000	0
-121600	2432000	0
0	2432000	0
121600	2432000	0
243200	2432000	0
364800	2432000	0
486400	2432000	0
608000	2432000	0
729600	2432000	0
851200	2432000	0
972800	2432000	0
1094400	2432000	0
1216000	2432000	0
1337600	2432000	0
1459200	2432000	0
1580800	2432000	0
1702400	2432000	0
1824000	2432000	0
1945600	2432000	0
2067200	2432000	0
2188800	2432000	0
2310400	2432000	0
2432000	2432000	0
2553600	2432000	0
2675200	2432000	0
2796800	2432000	0
2918400	2432000	0
3040000	2432000	0
-3040000	2310400	0
-2918400	2310400	0
-2796800	2310400	0
-2675200	2310400	0
-2553600	2310400	0
-2432000	2310400	0
-2310400	2310400	0
-2188800	2310400	0
-2067200	2310400	0
-1945600	2310400	0
-1824000	2310400	0
-1702400	2310400	0
-1580800	2310400	0
-1459200	2310400	0
-1337600	2310400	0
-1216000	2310400	0
-1094400	2310400	0
-972800	2310400	0
-851200	2310400	0
-729600	2310400	0
-608000	2310400	0
-486400	2310400	0
-364800	2310400	0
-243200	2310400	0
-121600	2310400	0
0	2310400	0
121600	2310400	0
243200	2310400	0
364800	2310400	0
486400	2310400	0
608000	2310400	0
729600	2310400	0
851200	2310400	0
972800	2310400	0
1094400	2310400	0
1216000	2310400	0
1337600	2310400	0
1459200	2310400	0
1580800	2310400	0
1702400	2310400	0
1824000	2310400	0
1945600	2310400	0
2067200	2310400	0
2188800	2310400	0
2310400	2310400	0
2432000	2310400	0
2553600	2310400	0
2675200	2310400	0
2796800	2310400	0
2918400	2310400	0
3040000	2310400	0
-3040000	2188800	0
-2918400	2188800	0
-2796800	2188800	0
-2675200	2188800	0
-2553600	2188800	0
-2432000	2188800	0
-2310400	2188800	0
-2188800	2188800	0
-2067200	2188800	0
-1945600	2188800	0
-1824000	2188800	0
-1702400	2188800	0
-1580800	2188800	0
-1459200	2188800	0
-1337600	2188800	0
-1216000	2188800	0
-1094400	2188800	0
-972800	2188800	0
-851200	2188800	0
-729600	2188800	0
-608000	2188800	0
-486400	2188800	0
-364800	2188800	0
-243200	2188800	0
-121600	2188800	0
0	2188800	0
121600	2188800	-4.78661870956
243200	2188800	-6.86196470261
364800	2188800	0
486400	2188800	0
608000	2188800	0
729600	2188800	0
851200	2188800	0
972800	2188800	0
1094400	2188800	0
1216000	2188800	0
1337600	2188800	0
1459200	2188800	0
1580800	2188800	0
1702400	2188800	0
1824000	2188800	0
1945600	2188800	0
2067200	2188800	0
2188800	2188800	0
2310400	2188800	0
2432000	2188800	0
2553600	2188800	0
2675200	2188800	0
2796800	2188800	0
2918400	2188800	0
3040000	2188800	0
-3040000	2067200	0
-2918400	2067200	0
-2796800	2067200	0
-2675200	2067200	0
-2553600	2067200	0
-2432000	2067200	0
-2310400	2067200	0
-2188800	2067200	0
-2067200	2067200	0
-1945600	2067200	0
-1824000	2067200	0
-1702400	2067200	0
-1580800	2067200	0
-1459200	2067200	0
-1337600	2067200	0
-1216000	2067200	0
-1094400	2067200	0
-972800	2067200	0
-851200	2067200	0
-729600	2067200	0
-608000	2067200	0
-486400	2067200	0
-364800	2067200	2.03411579132
-243200	2067200	674.417419434
-121600	2067200	431.919158936
0	2067200	385.904693604
121600	2067200	781.071533203
243200	2067200	743.055725098
364800	2067200	638.965026855
486400	2067200	962.420715332
608000	2067200	344.80581665
729600	2067200	22.2938899994
851200	2067200	0
972800	2067200	0
1094400	2067200	0
1216000	2067200	0
1337600	2067200	0
1459200	2067200	0
1580800	2067200	0
1702400	2067200	0
1824000	2067200	0
1945600	2067200	0
2067200	2067200	0
2188800	2067200	0
2310400	2067200	0
2432000	2067200	0
2553600	2067200	0
2675200	2067200	0
2796800	2067200	0
2918400	2067200	0
3040000	2067200	0
-3040000	1945600	0
-2918400	1945600	0
-2796800	1945600	0
-2675200	1945600	0
-2553600	1945600	0
-2432000	1945600	0
-2310400	1945600	0
-2188800	1945600	0
-2067200	1945600	0
-1945600	1945600	0
-1824000	1945600	0
-1702400	1945600	0
-1580800	1945600	0
-1459200	1945600	0
-1337600	1945600	0
-1216000	1945600	0
-1094400	1945600	0
-972800	1945600	0
-851200	1945600	0
-729600	1945600	0
-608000	1945600	0
-486400	1945600	0
-364800	1945600	554.910461426
-243200	1945600	769.553039551
-121600	1945600	873.523010254
0	1945600	707.444213867
121600	1945600	288.198669434
243200	1945600	322.099578857
364800	1945600	517.956420898
486400	1945600	1269.5098877
608000	1945600	1237.66149902
729600	1945600	387.132751465
851200	1945600	112.459075928
972800	1945600	216.969421387
1094400	1945600	286.315582275
1216000	1945600	-16.2522735596
1337600	1945600	0
1459200	1945600	0
1580800	1945600	0
1702400	1945600	0
1824000	1945600	0
1945600	1945600	0
2067200	1945600	0
2188800	1945600	0
2310400	1945600	0
2432000	1945600	0
2553600	1945600	0
2675200	1945600	0
2796800	1945600	0
2918400	1945600	0
3040000	1945600	0
-3040000	1824000	0
-2918400	1824000	0
-2796800	1824000	0
-2675200	1824000	0
-2553600	1824000	0
-2432000	1824000	0
-2310400	1824000	0
-2188800	1824000	0
-2067200	1824000	0
-1945600	1824000	0
-1824000	1824000	0
-1702400	1824000	0
-1580800	1824000	0
-1459200	1824000	0
-1337600	1824000	0
-1216000	1824000	0
-1094400	1824000	0
-972800	1824000	0
-851200	1824000	0
-729600	1824000	0
-608000	1824000	0
-486400	1824000	358.863739014
-364800	1824000	1345.40612793
-243200	1824000	771.885498047
-121600	1824000	1938.85827637
0	1824000	2001.10168457
121600	1824000	1692.1751709
243200	1824000	2469.68725586
364800	1824000	2407.22412109
486400	1824000	1348.58581543
608000	1824000	890.662780762
729600	1824000	857.858581543
851200	1824000	981.256225586
972800	1824000	1077.9185791
1094400	1824000	969.858215332
1216000	1824000	840.079223633
1337600	1824000	0
1459200	1824000	0
1580800	1824000	0
1702400	1824000	0
1824000	1824000	0
1945600	1824000	0
2067200	1824000	0
2188800	1824000	0
2310400	1824000	0
2432000	1824000	0
2553600	1824000	0
2675200	1824000	0
2796800	1824000	0
2918400	1824000	0
3040000	1824000	0
-3040000	1702400	0
-2918400	1702400	0
-2796800	1702400	0
-2675200	1702400	0
-2553600	1702400	0
-2432000	1702400	-7.79715119279e-05
-2310400	1702400	0
-2188800	1702400	0
-2067200	1702400	0
-1945600	1702400	0
-1824000	1702400	0
-1702400	1702400	0
-1580800	1702400	0
-1459200	1702400	0
-1337600	1702400	0
-1216000	1702400	0
-1094400	1702400	0
-972800	1702400	0
-851200	1702400	0
-729600	1702400	0
-608000	1702400	316.997436523
-486400	1702400	447.021942139
-364800	1702400	1324.39904785
-243200	1702400	840.001586914
-121600	1702400	2339.69726562
0	1702400	2272.77099609
121600	1702400	2797.91918945
243200	1702400	2664.12792969
364800	1702400	2919.28222656
486400	1702400	2612.64624023
608000	1702400	1819.47680664
729600	1702400	1815.54602051
851200	1702400	755.575561523
972800	1702400	1822.43017578
1094400	1702400	1537.24084473
1216000	1702400	1333.00183105
1337600	1702400	752.935974121
1459200	1702400	1167.33776855
1580800	1702400	1264.38513184
1702400	1702400	945.10369873
1824000	1702400	212.571716309
1945600	1702400	0
2067200	1702400	0
2188800	1702400	0
2310400	1702400	0
2432000	1702400	0
2553600	1702400	0
2675200	1702400	0
2796800	1702400	0
2918400	1702400	0
3040000	1702400	0
-3040000	1580800	0
-2918400	1580800	0
-2796800	1580800	0
-2675200	1580800	0
-2553600	1580800	0
-2432000	1580800	-0.000281403656118
-2310400	1580800	0
-2188800	1580800	0
-2067200	1580800	0
-1945600	1580800	0
-1824000	1580800	0
-1702400	1580800	0
-1580800	1580800	0
-1459200	1580800	0
-1337600	1580800	0
-1216000	1580800	0
-1094400	1580800	0
-972800	1580800	0
-851200	1580800	0
-729600	1580800	58.481552124
-608000	1580800	258.125274658
-486400	1580800	730.011779785
-364800	1580800	525.187011719
-243200	1580800	1522.51757812
-121600	1580800	2650.09155273
0	1580800	2637.31030273
121600	1580800	2483.94140625
243200	1580800	2771.97338867
364800	1580800	2984.40234375
486400	1580800	2588.43969727
608000	1580800	2722.70141602
729600	1580800	2204.26098633
851200	1580800	2053.83007812
972800	1580800	1761.99353027
1094400	1580800	1131.22766113
1216000	1580800	1461.29650879
1337600	1580800	1813.33105469
1459200	1580800	1728.04931641
1580800	1580800	1432.8581543
1702400	1580800	1341.92102051
1824000	1580800	266.244415283
1945600	1580800	22.7807197571
2067200	1580800	361.034057617
2188800	1580800	0
2310400	1580800	0
2432000	1580800	0
2553600	1580800	0
2675200	1580800	0
2796800	1580800	0
2918400	1580800	0
3040000	1580800	0
-3040000	1459200	0
-2918400	1459200	0
-2796800	1459200	0
-2675200	1459200	0
-2553600	1459200	0
-2432000	1459200	4.19852256775
-2310400	1459200	0
-2188800	1459200	0
-2067200	1459200	0
-1945600	1459200	0
-1824000	1459200	0
-1702400	1459200	0
-1580800	1459200	0
-1459200	1459200	0
-1337600	1459200	0
-1216000	1459200	0
-1094400	1459200	0
-972800	1459200	0
-851200	1459200	0
-729600	1459200	0
-608000	1459200	190.43057251
-486400	1459200	1202.52746582
-364800	1459200	1129.77868652
-243200	1459200	2369.81396484
-121600	1459200	2664.59472656
0	1459200	2617.70947266
121600	1459200	2640.53735352
243200	1459200	2799.68359375
364800	1459200	2860.89111328
486400	1459200	2926.59619141
608000	1459200	2434.95336914
729600	1459200	2547.17260742
851200	1459200	1962.8248291
972800	1459200	2277.95825195
1094400	1459200	1867.59277344
1216000	1459200	1981.78771973
1337600	1459200	2029.62988281
1459200	1459200	2264.09228516
1580800	1459200	2179.67773438
1702400	1459200	2163.60522461
1824000	1459200	1107.00952148
1945600	1459200	1040.875
2067200	1459200	804.458374023
2188800	1459200	23.0024433136
2310400	1459200	0
2432000	1459200	0
2553600	1459200	0
2675200	1459200	0
2796800	1459200	0
2918400	1459200	0
3040000	1459200	0
-3040000	1337600	0
-2918400	1337600	0
-2796800	1337600	0
-2675200	1337600	0
-2553600	1337600	0.00018801324768
-2432000	1337600	62.3619270325
-2310400	1337600	0
-2188800	1337600	0
-2067200	1337600	0
-1945600	1337600	0
-1824000	1337600	0
-1702400	1337600	0
-1580800	1337600	0
-1459200	1337600	0
-1337600	1337600	0
-1216000	1337600	0
-1094400	1337600	0
-972800	1337600	0
-851200	1337600	0
-729600	1337600	0.85067898035
-608000	1337600	1229.88330078
-486400	1337600	1872.34106445
-364800	1337600	1632.90771484
-243200	1337600	2815.97900391
-121600	1337600	2218.00390625
0	1337600	3032.24365234
121600	1337600	2777.33911133
243200	1337600	2801.27954102
364800	1337600	3151.20141602
486400	1337600	3202.55249023
608000	1337600	3125.32885742
729600	1337600	2748.30004883
851200	1337600	2567.58544922
972800	1337600	2354.87939453
1094400	1337600	2234.88623047
1216000	1337600	2366.9831543
1337600	1337600	2427.09960938
1459200	1337600	2625.14477539
1580800	1337600	2054.05688477
1702400	1337600	2395.77905273
1824000	1337600	2156.13793945
1945600	1337600	1658.18359375
2067200	1337600	1144.80603027
2188800	1337600	0
2310400	1337600	0
2432000	1337600	0
2553600	1337600	0
2675200	1337600	0
2796800	1337600	0
2918400	1337600	0
3040000	1337600	0
-3040000	1216000	0
-2918400	1216000	0
-2796800	1216000	0
-2675200	1216000	0
-2553600	1216000	0
-2432000	1216000	252.770675659
-2310400	1216000	472.960723877
-2188800	1216000	218.8175354
-2067200	1216000	0
-1945600	1216000	0
-1824000	1216000	0
-1702400	1216000	0
-1580800	1216000	0
-1459200	1216000	0
-1337600	1216000	0
-1216000	1216000	0
-1094400	1216000	0
-972800	1216000	0
-851200	1216000	0
-729600	1216000	136.876083374
-608000	1216000	1188.7376709
-486400	1216000	1849.99987793
-364800	1216000	2463.12548828
-243200	1216000	1738.14233398
-121600	1216000	1751.7923584
0	1216000	2847.28540039
121600	1216000	3018.82495117
243200	1216000	2922.30371094
364800	1216000	3015.49291992
486400	1216000	2918.70458984
608000	1216000	2813.84790039
729600	1216000	2280.28930664
851200	1216000	2974.43286133
972800	1216000	2803.265625
1094400	1216000	3039.45898438
1216000	1216000	2673.86425781
1337600	1216000	3015.03637695
1459200	1216000	2633.91699219
1580800	1216000	2677.95483398
1702400	1216000	2690.58935547
1824000	1216000	2084.76855469
1945600	1216000	1786.59716797
2067200	1216000	587.088806152
2188800	1216000	0
2310400	1216000	0
2432000	1216000	0
2553600	1216000	0
2675200	1216000	0
2796800	1216000	0
2918400	1216000	0
3040000	1216000	0
-3040000	1094400	0
-2918400	1094400	0
-2796800	1094400	0
-2675200	1094400	0
-2553600	1094400	0
-2432000	1094400	-0.012508363463
-2310400	1094400	109.230567932
-2188800	1094400	235.304611206
-2067200	1094400	-10.7550144196
-1945600	1094400	0
-1824000	1094400	0
-1702400	1094400	0
-1580800	1094400	0
-1459200	1094400	0
-1337600	1094400	0
-1216000	1094400	0
-1094400	1094400	0
-972800	1094400	0
-851200	1094400	0
-729600	1094400	622.188720703
-608000	1094400	1568.77209473
-486400	1094400	953.412414551
-364800	1094400	1657.55834961
-243200	1094400	2181.51831055
-121600	1094400	2824.14428711
0	1094400	2631.60986328
121600	1094400	2459.99243164
243200	1094400	2956.71533203
364800	1094400	2952.19189453
486400	1094400	3136.02880859
608000	1094400	3274.10888672
729600	1094400	3138.2355957
851200	1094400	3089.96289062
972800	1094400	2910.77832031
1094400	1094400	3254.81420898
1216000	1094400	3177.35449219
1337600	1094400	2207.26904297
1459200	1094400	2622.80297852
1580800	1094400	2840.54614258
1702400	1094400	2031.9876709
1824000	1094400	2511.81225586
1945600	1094400	1793.01672363
2067200	1094400	2068.01464844
2188800	1094400	885.280151367
2310400	1094400	0
2432000	1094400	0
2553600	1094400	0
2675200	1094400	0
2796800	1094400	0
2918400	1094400	0
3040000	1094400	0
-3040000	972800	0
-2918400	972800	0
-2796800	972800	0
-2675200	972800	0
-2553600	972800	0
-2432000	972800	0
-2310400	972800	152.651916504
-2188800	972800	405.905059814
-2067200	972800	224.558517456
-1945600	972800	686.036560059
-1824000	972800	129.270263672
-1702400	972800	10.1994066238
-1580800	972800	0
-1459200	972800	0
-1337600	972800	0
-1216000	972800	0
-1094400	972800	0
-972800	972800	0
-851200	972800	166.416244507
-729600	972800	617.885192871
-608000	972800	1141.84729004
-486400	972800	2248.38085938
-364800	972800	534.60723877
-243200	972800	1795.70751953
-121600	972800	2645.57421875
0	972800	1807.7532959
121600	972800	2337.60375977
243200	972800	2363.74536133
364800	972800	2639.4621582
486400	972800	3096.03662109
608000	972800	3418.21337891
729600	972800	3311.21337891
851200	972800	2867.42578125
972800	972800	2528.83251953
1094400	972800	3096.51489258
1216000	972800	2805.75317383
1337600	972800	2113.48217773
1459200	972800	2217.98876953
1580800	972800	1721.12243652
1702400	972800	1657.66455078
1824000	972800	2072.20678711
1945600	972800	953.592346191
2067200	972800	1297.50512695
2188800	972800	1122.31860352
2310400	972800	0
2432000	972800	0
2553600	972800	0
2675200	972800	0
2796800	972800	0
2918400	972800	0
3040000	972800	0
-3040000	851200	0
-2918400	851200	0
-2796800	851200	0
-2675200	851200	0
-2553600	851200	0
-2432000	851200	0
-2310400	851200	0
-2188800	851200	0
-2067200	851200	1026.51452637
-1945600	851200	208.931930542
-1824000	851200	171.315933228
-1702400	851200	703.274169922
-1580800	851200	280.576721191
-1459200	851200	117.862121582
-1337600	851200	283.524414062
-1216000	851200	310.700317383
-1094400	851200	363.974365234
-972800	851200	527.968139648
-851200	851200	673.711791992
-729600	851200	741.422607422
-608000	851200	833.346496582
-486400	851200	1535.00305176
-364800	851200	1895.41271973
-243200	851200	1335.89074707
-121600	851200	2406.88867188
0	851200	3591.03808594
121600	851200	3265.90551758
243200	851200	3351.91772461
364800	851200	2279.9375
486400	851200	2202.72045898
608000	851200	2815.26342773
729600	851200	2815.10107422
851200	851200	3344.29345703
972800	851200	3523.97241211
1094400	851200	3395.02246094
1216000	851200	2378.75952148
1337600	851200	2084.04199219
1459200	851200	1583.15136719
1580800	851200	718.100952148
1702400	851200	1577.63708496
1824000	851200	1327.61950684
1945600	851200	147.408828735
2067200	851200	893.098266602
2188800	851200	911.23638916
2310400	851200	0
2432000	851200	0
2553600	851200	0
2675200	851200	0
2796800	851200	0
2918400	851200	0
3040000	851200	0
-3040000	729600	0
-2918400	729600	0
-2796800	729600	0
-2675200	729600	0
-2553600	729600	0
-2432000	729600	0
-2310400	729600	0
-2188800	729600	256.461517334
-2067200	729600	92.4137649536
-1945600	729600	175.689025879
-1824000	729600	472.3699646
-1702400	729600	1005.3270874
-1580800	729600	755.723571777
-1459200	729600	254.570419312
-1337600	729600	448.153411865
-1216000	729600	414.43258667
-1094400	729600	423.216918945
-972800	729600	508.190551758
-851200	729600	780.31072998
-729600	729600	1174.69238281
-608000	729600	686.30291748
-486400	729600	1500.9765625
-364800	729600	1661.86547852
-243200	729600	1711.53381348
-121600	729600	1608.38378906
0	729600	2473.4309082
121600	729600	3162.95727539
243200	729600	3673.59643555
364800	729600	2329.86035156
486400	729600	2390.91308594
608000	729600	2320.03222656
729600	729600	2849.44946289
851200	729600	3438.17407227
972800	729600	3606.55786133
1094400	729600	3182.37451172
1216000	729600	2390.77124023
1337600	729600	1545.64416504
1459200	729600	1616.8963623
1580800	729600	2001.36877441
1702400	729600	1387.9050293
1824000	729600	1233.7869873
1945600	729600	776.597961426
2067200	729600	562.871459961
2188800	729600	386.206420898
2310400	729600	0
2432000	729600	0
2553600	729600	0
2675200	729600	0
2796800	729600	0
2918400	729600	0
3040000	729600	0
-3040000	608000	0
-2918400	608000	0
-2796800	608000	0
-2675200	608000	0
-2553600	608000	0
-2432000	608000	0
-2310400	608000	0
-2188800	608000	0
-2067200	608000	0
-1945600	608000	310.428527832
-1824000	608000	283.647583008
-1702400	608000	917.166442871
-1580800	608000	1504.33679199
-1459200	608000	487.58303833
-1337600	608000	562.006530762
-1216000	608000	476.294311523
-1094400	608000	457.532501221
-972800	608000	622.395507812
-851200	608000	750.98236084
-729600	608000	1050.78198242
-608000	608000	1206.06945801
-486400	608000	1446.38012695
-364800	608000	2074.45678711
-243200	608000	1220.31066895
-121600	608000	1588.02062988
0	608000	2226.69970703
121600	608000	2980.65991211
243200	608000	3250.62597656
364800	608000	2192.15087891
486400	608000	2847.48803711
608000	608000	2911.67431641
729600	608000	3346.59838867
851200	608000	3520.95288086
972800	608000	3373.57104492
1094400	608000	2292.46728516
1216000	608000	2372.60498047
1337600	608000	2281.4296875
1459200	608000	2485.52001953
1580800	608000	2173.07128906
1702400	608000	1492.22607422
1824000	608000	1136.60144043
1945600	608000	847.358093262
2067200	608000	786.342163086
2188800	608000	0
2310400	608000	0
2432000	608000	0
2553600	608000	0
2675200	608000	0
2796800	608000	0
2918400	608000	0
3040000	608000	0
-3040000	486400	0
-2918400	486400	0
-2796800	486400	0
-2675200	486400	0
-2553600	486400	0
-2432000	486400	0
-2310400	486400	0
-2188800	486400	0
-2067200	486400	0
-1945600	486400	0.76896238327
-1824000	486400	173.515945435
-1702400	486400	838.544494629
-1580800	486400	700.059509277
-1459200	486400	816.058776855
-1337600	486400	667.771362305
-1216000	486400	611.413757324
-1094400	486400	475.300109863
-972800	486400	524.874755859
-851200	486400	1011.92041016
-729600	486400	1123.09533691
-608000	486400	690.125610352
-486400	486400	1252.0982666
-364800	486400	1192.84899902
-243200	486400	1745.17443848
-121600	486400	2174.39624023
0	486400	2316.75976562
121600	486400	3081.90454102
243200	486400	2432.11889648
364800	486400	2143.30102539
486400	486400	3556.33422852
608000	486400	2930.39208984
729600	486400	3054.47436523
851200	486400	3189.92285156
972800	486400	3245.20092773
1094400	486400	2387.7043457
1216000	486400	2590.06469727
1337600	486400	1822.61071777
1459200	486400	2591.48168945
1580800	486400	2245.02246094
1702400	486400	1096.89526367
1824000	486400	57.3032646179
1945600	486400	1595.64318848
2067200	486400	1546.26843262
2188800	486400	1030.05444336
2310400	486400	0.160370931029
2432000	486400	0
2553600	486400	0
2675200	486400	0
2796800	486400	0
2918400	486400	0
3040000	486400	0
-3040000	364800	0
-2918400	364800	0
-2796800	364800	0
-2675200	364800	0
-2553600	364800	0
-2432000	364800	0
-2310400	364800	0
-2188800	364800	0
-2067200	364800	0
-1945600	364800	0
-1824000	364800	321.59387207
-1702400	364800	1243.28222656
-1580800	364800	2477.24169922
-1459200	364800	1092.67138672
-1337600	364800	781.458496094
-1216000	364800	828.793334961
-1094400	364800	788.714355469
-972800	364800	941.898742676
-851200	364800	1091.69189453
-729600	364800	1179.90319824
-608000	364800	683.549377441
-486400	364800	1883.05297852
-364800	364800	2538.73144531
-243200	364800	1864.9161377
-121600	364800	2599.48999023
0	364800	2471.0559082
121600	364800	2823.42407227
243200	364800	2362.70825195
364800	364800	3686.52929688
486400	364800	2964.78808594
608000	364800	2802.77758789
729600	364800	2898.34863281
851200	364800	3193.49267578
972800	364800	2977.70092773
1094400	364800	2679.21582031
1216000	364800	1552.53137207
1337600	364800	3498.5144043
1459200	364800	3416.49023438
1580800	364800	1958.81884766
1702400	364800	1909.39660645
1824000	364800	2002.15222168
1945600	364800	1957.43933105
2067200	364800	1628.66442871
2188800	364800	1724.75524902
2310400	364800	1532.14819336
2432000	364800	387.269317627
2553600	364800	0
2675200	364800	0
2796800	364800	0
2918400	364800	0
3040000	364800	0
-3040000	243200	0
-2918400	243200	0
-2796800	243200	0
-2675200	243200	0
-2553600	243200	0
-2432000	243200	0
-2310400	243200	0
-2188800	243200	0
-2067200	243200	0
-1945600	243200	0
-1824000	243200	18.6484394073
-1702400	243200	1310.50585938
-1580800	243200	2713.11694336
-1459200	243200	1009.37463379
-1337600	243200	695.332214355
-1216000	243200	841.718566895
-1094400	243200	641.963562012
-972800	243200	1225.38806152
-851200	243200	1708.22167969
-729600	243200	2051.14477539
-608000	243200	803.175720215
-486400	243200	511.813476562
-364800	243200	1337.1932373
-243200	243200	2822.67114258
-121600	243200	2924.19067383
0	243200	3744.02392578
121600	243200	2561.14086914
243200	243200	2561.32226562
364800	243200	2665.46459961
486400	243200	3159.34301758
608000	243200	2464.234375
729600	243200	2998.69555664
851200	243200	2350.09692383
972800	243200	2099.92260742
1094400	243200	1949.9276123
1216000	243200	2284.81518555
1337600	243200	2612.63256836
1459200	243200	2708.06860352
1580800	243200	2529.4309082
1702400	243200	2373.89575195
1824000	243200	2390.01757812
1945600	243200	2440.78417969
2067200	243200	2266.99414062
2188800	243200	2118.27685547
2310400	243200	1966.5480957
2432000	243200	1197.64465332
2553600	243200	174.164642334
2675200	243200	0
2796800	243200	0
2918400	243200	0
3040000	243200	0
-3040000	121600	0
-2918400	121600	0
-2796800	121600	0
-2675200	121600	0
-2553600	121600	0
-2432000	121600	0
-2310400	121600	0
-2188800	121600	0
-2067200	121600	0
-1945600	121600	0
-1824000	121600	291.35748291
-1702400	121600	1549.11096191
-1580800	121600	2051.21655273
-1459200	121600	2185.34936523
-1337600	121600	2201.91455078
-1216000	121600	-4.29656934738
-1094400	121600	292.780731201
-972800	121600	2341.29052734
-851200	121600	1613.33190918
-729600	121600	2563.63134766
-608000	121600	1556.15039062
-486400	121600	2155.73461914
-364800	121600	1184.40966797
-243200	121600	1982.35095215
-121600	121600	2621.33227539
0	121600	3278.52148438
121600	121600	2598.64892578
243200	121600	3595.27880859
364800	121600	2975.24707031
486400	121600	3259.828125
608000	121600	3104.10498047
729600	121600	2942.44335938
851200	121600	2656.26489258
972800	121600	3003.70166016
1094400	121600	2048.60180664
1216000	121600	2930.07641602
1337600	121600	2892.57836914
1459200	121600	2896.75463867
1580800	121600	2787.05737305
1702400	121600	2688.06640625
1824000	121600	2695.52490234
1945600	121600	2918.46362305
2067200	121600	2707.81713867
2188800	121600	2499.32641602
2310400	121600	2188.46166992
2432000	121600	1624.71923828
2553600	121600	169.640106201
2675200	121600	0
2796800	121600	0
2918400	121600	0
3040000	121600	0
-3040000	0	0
-2918400	0	0
-2796800	0	0
-2675200	0	0
-2553600	0	0
-2432000	0	0
-2310400	0	0
-2188800	0	0
-2067200	0	0
-1945600	0	0
-1824000	0	692.276794434
-1702400	0	1827.3737793
-1580800	0	1926.27416992
-1459200	0	2400.11645508
-1337600	0	1984.59484863
-1216000	0	2065.33227539
-1094400	0	1271.25744629
-972800	0	2237.67797852
-851200	0	2181.37084961
-729600	0	1961.17895508
-608000	0	1621.52246094
-486400	0	590.659118652
-364800	0	2447.77392578
-243200	0	2250.16235352
-121600	0	2721.21166992
0	0	2828.44628906
121600	0	2825.74853516
243200	0	3238.23706055
364800	0	3355.45214844
486400	0	3099.85986328
608000	0	2952.78295898
729600	0	2930.04003906
851200	0	2404.74438477
972800	0	2674.61547852
1094400	0	3183.12573242
1216000	0	3504.46728516
1337600	0	3604.17578125
1459200	0	3149.88867188
1580800	0	2962.2487793
1702400	0	2948.82788086
1824000	0	2803.38232422
1945600	0	2857.85205078
2067200	0	2849.86010742
2188800	0	2604.23583984
2310400	0	1985.79711914
2432000	0	1688.98706055
2553600	0	63.7626914978
2675200	0	0
2796800	0	0
2918400	0	0
3040000	0	0
-3040000	-121600	0
-2918400	-121600	0
-2796800	-121600	0
-2675200	-121600	0
-2553600	-121600	0
-2432000	-121600	0
-2310400	-121600	0
-2188800	-121600	0
-2067200	-121600	0
-1945600	-121600	0
-1824000	-121600	459.867797852
-1702400	-121600	1634.51196289
-1580800	-121600	2117.3359375
-1459200	-121600	1823.96582031
-1337600	-121600	3543.86010742
-1216000	-121600	3561.66625977
-1094400	-121600	2657.15185547
-972800	-121600	1667.62890625
-851200	-121600	1983.40869141
-729600	-121600	2667.6496582
-608000	-121600	2177.44799805
-486400	-121600	1694.5657959
-364800	-121600	2496.29443359
-243200	-121600	1761.42810059
-121600	-121600	2632.25927734
0	-121600	2475.9543457
121600	-121600	3121.13842773
243200	-121600	3097.51953125
364800	-121600	3411.56860352
486400	-121600	3186.62890625
608000	-121600	3140.90844727
729600	-121600	2986.5793457
851200	-121600	2922.35644531
972800	-121600	3142.25805664
1094400	-121600	3131.96972656
1216000	-121600	2994.91748047
1337600	-121600	2988.59838867
1459200	-121600	3041.43139648
1580800	-121600	3072.62719727
1702400	-121600	3337.89355469
1824000	-121600	3435.1730957
1945600	-121600	2882.43701172
2067200	-121600	2862.37744141
2188800	-121600	2431.35766602
2310400	-121600	1889.33081055
2432000	-121600	1732.24230957
2553600	-121600	829.118347168
2675200	-121600	4.49551963806
2796800	-121600	0
2918400	-121600	0
3040000	-121600	0
-3040000	-243200	0
-2918400	-243200	0
-2796800	-243200	0
-2675200	-243200	0
-2553600	-243200	0
-2432000	-243200	0
-2310400	-243200	0
-2188800	-243200	0
-2067200	-243200	0
-1945600	-243200	355.940002441
-1824000	-243200	432.295654297
-1702400	-243200	1037.54138184
-1580800	-243200	1542.47180176
-1459200	-243200	2341.28735352
-1337600	-243200	3150.11376953
-1216000	-243200	2468.64208984
-1094400	-243200	3377.44702148
-972800	-243200	2783.77197266
-851200	-243200	2099.92089844
-729600	-243200	1690.0291748
-608000	-243200	1582.25231934
-486400	-243200	812.998962402
-364800	-243200	659.073303223
-243200	-243200	1243.29760742
-121600	-243200	688.75592041
0	-243200	1907.46203613
121600	-243200	2939.91650391
243200	-243200	2977.71386719
364800	-243200	3154.10131836
486400	-243200	2925.16772461
608000	-243200	3023.69482422
729600	-243200	3512.14892578
851200	-243200	3005.96264648
972800	-243200	2988.85009766
1094400	-243200	2413.06640625
1216000	-243200	2917.58642578
1337600	-243200	3183.99755859
1459200	-243200	2678.53149414
1580800	-243200	3370.13012695
1702400	-243200	3399.26245117
1824000	-243200	3378.17431641
1945600	-243200	2964.48950195
2067200	-243200	2874.55224609
2188800	-243200	2817.08862305
2310400	-243200	1756.98388672
2432000	-243200	1306.39978027
2553600	-243200	280.201080322
2675200	-243200	0
2796800	-243200	0
2918400	-243200	0
3040000	-243200	0
-3040000	-364800	0
-2918400	-364800	0
-2796800	-364800	0
-2675200	-364800	0
-2553600	-364800	0
-2432000	-364800	0
-2310400	-364800	0
-2188800	-364800	0
-2067200	-364800	0
-1945600	-364800	139.808929443
-1824000	-364800	280.159515381
-1702400	-364800	-0.606031835079
-1580800	-364800	450.062866211
-1459200	-364800	1690.1192627
-1337600	-364800	2821.25610352
-1216000	-364800	2797.31958008
-1094400	-364800	2749.52270508
-972800	-364800	3261.07299805
-851200	-364800	1844.84741211
-729600	-364800	1834.89550781
-608000	-364800	1280.56005859
-486400	-364800	1896.22058105
-364800	-364800	1323.37792969
-243200	-364800	106.173477173
-121600	-364800	635.816467285
0	-364800	1290.09020996
121600	-364800	1763.46350098
243200	-364800	2639.48535156
364800	-364800	2831.23144531
486400	-364800	3531.625
608000	-364800	3033.66601562
729600	-364800	2644.04077148
851200	-364800	2807.7434082
972800	-364800	3014.62402344
1094400	-364800	3458.59033203
1216000	-364800	3905.90844727
1337600	-364800	4588.45996094
1459200	-364800	3546.60522461
1580800	-364800	3348.01147461
1702400	-364800	3029.67089844
1824000	-364800	3008.45410156
1945600	-364800	2928.47802734
2067200	-364800	2584.21850586
2188800	-364800	3077.23828125
2310400	-364800	2737.23193359
2432000	-364800	569.695983887
2553600	-364800	24.484369278
2675200	-364800	0
2796800	-364800	0
2918400	-364800	0
3040000	-364800	0
-3040000	-486400	0
-2918400	-486400	0
-2796800	-486400	0
-2675200	-486400	0
-2553600	-486400	0
-2432000	-486400	0
-2310400	-486400	0
-2188800	-486400	0
-2067200	-486400	0
-1945600	-486400	0
-1824000	-486400	0
-1702400	-486400	0
-1580800	-486400	196.032608032
-1459200	-486400	1797.96081543
-1337600	-486400	2523.1796875
-1216000	-486400	2934.07397461
-1094400	-486400	2628.05151367
-972800	-486400	2442.65771484
-851200	-486400	2949.56665039
-729600	-486400	2354.37939453
-608000	-486400	1299.28430176
-486400	-486400	1640.14453125
-364800	-486400	803.668273926
-243200	-486400	1040.08190918
-121600	-486400	22.3881626129
0	-486400	27.9682598114
121600	-486400	9.08067703247
243200	-486400	1607.13269043
364800	-486400	2539.02099609
486400	-486400	2677.05517578
608000	-486400	2845.21166992
729600	-486400	2607.16845703
851200	-486400	2893.8359375
972800	-486400	2960.86523438
1094400	-486400	3081.94213867
1216000	-486400	3231.88427734
1337600	-486400	3184.81860352
1459200	-486400	3165.71606445
1580800	-486400	3242.80493164
1702400	-486400	3510.58959961
1824000	-486400	3451.76489258
1945600	-486400	3175.42236328
2067200	-486400	3024.36743164
2188800	-486400	2901.12133789
2310400	-486400	2029.2364502
2432000	-486400	2386.2487793
2553600	-486400	222.735580444
2675200	-486400	54.3016166687
2796800	-486400	0
2918400	-486400	0
3040000	-486400	0
-3040000	-608000	0
-2918400	-608000	0
-2796800	-608000	0
-2675200	-608000	0
-2553600	-608000	0
-2432000	-608000	0
-2310400	-608000	0
-2188800	-608000	0
-2067200	-608000	0
-1945600	-608000	0
-1824000	-608000	0
-1702400	-608000	0
-1580800	-608000	382.5284729
-1459200	-608000	1184.22290039
-1337600	-608000	3001.63671875
-1216000	-608000	1772.86682129
-1094400	-608000	2775.0456543
-972800	-608000	2380.61523438
-851200	-608000	1860.92614746
-729600	-608000	1198.49255371
-608000	-608000	1260.29833984
-486400	-608000	842.873962402
-364800	-608000	773.001403809
-243200	-608000	732.907897949
-121600	-608000	518.907592773
0	-608000	260.288879395
121600	-608000	32.567527771
243200	-608000	901.903076172
364800	-608000	1954.63330078
486400	-608000	1984.52368164
608000	-608000	2450.11474609
729600	-608000	2558.68774414
851200	-608000	3021.48925781
972800	-608000	3146.18994141
1094400	-608000	3231.77099609
1216000	-608000	3496.80761719
1337600	-608000	3424.98022461
1459200	-608000	3660.42358398
1580800	-608000	3913.89111328
1702400	-608000	3663.9140625
1824000	-608000	3979.19799805
1945600	-608000	3653.29248047
2067200	-608000	2658.90649414
2188800	-608000	2898.04174805
2310400	-608000	1759.68200684
2432000	-608000	1426.59362793
2553600	-608000	874.601379395
2675200	-608000	15.2390499115
2796800	-608000	0
2918400	-608000	0
3040000	-608000	0
-3040000	-729600	0
-2918400	-729600	0
-2796800	-729600	0
-2675200	-729600	0
-2553600	-729600	0
-2432000	-729600	0
-2310400	-729600	0
-2188800	-729600	0
-2067200	-729600	0
-1945600	-729600	0
-1824000	-729600	0
-1702400	-729600	0
-1580800	-729600	384.907501221
-1459200	-729600	1391.10778809
-1337600	-729600	2119.56030273
-1216000	-729600	2838.10180664
-1094400	-729600	2295.98291016
-972800	-729600	2126.36938477
-851200	-729600	1652.65820312
-729600	-729600	1710.12097168
-608000	-729600	1015.78759766
-486400	-729600	785.836669922
-364800	-729600	630.121337891
-243200	-729600	348.921203613
-121600	-729600	459.891296387
0	-729600	425.29776001
121600	-729600	142.692993164
243200	-729600	53.2562942505
364800	-729600	774.621704102
486400	-729600	2074.515625
608000	-729600	2728.0769043
729600	-729600	2587.28125
851200	-729600	2528.91699219
972800	-729600	2901.61694336
1094400	-729600	3586.4831543
1216000	-729600	3606.62695312
1337600	-729600	3923.01806641
1459200	-729600	4288.63476562
1580800	-729600	4094.36425781
1702400	-729600	3685.93115234
1824000	-729600	3501.234375
1945600	-729600	3875.70581055
2067200	-729600	3142.55419922
2188800	-729600	2949.17236328
2310400	-729600	2116.32128906
2432000	-729600	1892.38256836
2553600	-729600	0
2675200	-729600	0
2796800	-729600	0
2918400	-729600	0
3040000	-729600	0
-3040000	-851200	0
-2918400	-851200	0
-2796800	-851200	0
-2675200	-851200	0
-2553600	-851200	0
-2432000	-851200	0
-2310400	-851200	0
-2188800	-851200	0
-2067200	-851200	0
-1945600	-851200	0
-1824000	-851200	0
-1702400	-851200	0
-1580800	-851200	4.55282831192
-1459200	-851200	1362.57507324
-1337600	-851200	1239.71496582
-1216000	-851200	1048.26257324
-1094400	-851200	1762.10180664
-972800	-851200	1979.046875
-851200	-851200	1733.60058594
-729600	-851200	1280.07409668
-608000	-851200	1021.12976074
-486400	-851200	421.592407227
-364800	-851200	465.425842285
-243200	-851200	288.188110352
-121600	-851200	271.643890381
0	-851200	298.028411865
121600	-851200	289.550933838
243200	-851200	305.265625
364800	-851200	105.015441895
486400	-851200	1793.01745605
608000	-851200	2390.29956055
729600	-851200	2808.5769043
851200	-851200	2911.00878906
972800	-851200	2708.4050293
1094400	-851200	2711.65478516
1216000	-851200	3818.79296875
1337600	-851200	2926.765625
1459200	-851200	3814.71850586
1580800	-851200	3415.59179688
1702400	-851200	2913.12939453
1824000	-851200	3391.79296875
1945600	-851200	3059.14990234
2067200	-851200	2591.04443359
2188800	-851200	2332.81494141
2310400	-851200	1256.03637695
2432000	-851200	0
2553600	-851200	0
2675200	-851200	0
2796800	-851200	0
2918400	-851200	0
3040000	-851200	0
-3040000	-972800	0
-2918400	-972800	0
-2796800	-972800	0
-2675200	-972800	0
-2553600	-972800	0
-2432000	-972800	0
-2310400	-972800	0
-2188800	-972800	0
-2067200	-972800	0
-1945600	-972800	0
-1824000	-972800	0
-1702400	-972800	0
-1580800	-972800	0
-1459200	-972800	397.550811768
-1337600	-972800	651.733459473
-1216000	-972800	347.251495361
-1094400	-972800	2126.68359375
-972800	-972800	1192.39648438
-851200	-972800	1155.91918945
-729600	-972800	1323.71960449
-608000	-972800	758.128662109
-486400	-972800	725.391479492
-364800	-972800	521.281799316
-243200	-972800	330.755828857
-121600	-972800	277.368988037
0	-972800	231.061340332
121600	-972800	267.766662598
243200	-972800	253.627441406
364800	-972800	416.664489746
486400	-972800	1177.66821289
608000	-972800	2007.03845215
729600	-972800	2897.96191406
851200	-972800	3092.23144531
972800	-972800	2645.18457031
1094400	-972800	2839.11279297
1216000	-972800	2653.94726562
1337600	-972800	3278.84570312
1459200	-972800	3598.0222168
1580800	-972800	3485.6105957
1702400	-972800	3201.43212891
1824000	-972800	3354.83056641
1945600	-972800	2836.55102539
2067200	-972800	2420.79174805
2188800	-972800	1891.55578613
2310400	-972800	882.239685059
2432000	-972800	733.649291992
2553600	-972800	0
2675200	-972800	0
2796800	-972800	0
2918400	-972800	0
3040000	-972800	0
-3040000	-1094400	0
-2918400	-1094400	0
-2796800	-1094400	0
-2675200	-1094400	0
-2553600	-1094400	0
-2432000	-1094400	0
-2310400	-1094400	0
-2188800	-1094400	0
-2067200	-1094400	0
-1945600	-1094400	0
-1824000	-1094400	0
-1702400	-1094400	0
-1580800	-1094400	0
-1459200	-1094400	56.4409332275
-1337600	-1094400	244.254684448
-1216000	-1094400	977.723205566
-1094400	-1094400	597.119812012
-972800	-1094400	1347.16125488
-851200	-1094400	41.8770256042
-729600	-1094400	1713.1619873
-608000	-1094400	1053.79296875
-486400	-1094400	540.497497559
-364800	-1094400	731.446838379
-243200	-1094400	370.089202881
-121600	-1094400	260.007507324
0	-1094400	273.425628662
121600	-1094400	267.690612793
243200	-1094400	328.47265625
364800	-1094400	376.259552002
486400	-1094400	963.200683594
608000	-1094400	2250.02099609
729600	-1094400	2879.90600586
851200	-1094400	3066.65991211
972800	-1094400	2567.7746582
1094400	-1094400	3893.50439453
1216000	-1094400	3381.21972656
1337600	-1094400	3744.5090332
1459200	-1094400	3777.07958984
1580800	-1094400	3448.11425781
1702400	-1094400	3034.83496094
1824000	-1094400	3040.4934082
1945600	-1094400	2584.38574219
2067200	-1094400	2019.60070801
2188800	-1094400	1313.09326172
2310400	-1094400	601.077758789
2432000	-1094400	0
2553600	-1094400	0
2675200	-1094400	0
2796800	-1094400	0
2918400	-1094400	0
3040000	-1094400	0
-3040000	-1216000	0
-2918400	-1216000	0
-2796800	-1216000	0
-2675200	-1216000	0
-2553600	-1216000	0
-2432000	-1216000	0
-2310400	-1216000	0
-2188800	-1216000	0
-2067200	-1216000	0
-1945600	-1216000	0
-1824000	-1216000	0
-1702400	-1216000	0
-1580800	-1216000	0
-1459200	-1216000	0
-1337600	-1216000	0
-1216000	-1216000	0
-1094400	-1216000	-7.719581604
-972800	-1216000	742.98034668
-851200	-1216000	360.872772217
-729600	-1216000	180.029922485
-608000	-1216000	328.450927734
-486400	-1216000	285.391693115
-364800	-1216000	0
-243200	-1216000	240.160964966
-121600	-1216000	201.549743652
0	-1216000	212.075378418
121600	-1216000	244.272827148
243200	-1216000	160.095321655
364800	-1216000	77.8098144531
486400	-1216000	989.409301758
608000	-1216000	2533.33178711
729600	-1216000	2863.7175293
851200	-1216000	3285.45947266
972800	-1216000	2970.83740234
1094400	-1216000	2946.28393555
1216000	-1216000	2648.79785156
1337600	-1216000	3542.15722656
1459200	-1216000	2488.1418457
1580800	-1216000	3394.21875
1702400	-1216000	2875.43237305
1824000	-1216000	2714.23291016
1945600	-1216000	2466.01977539
2067200	-1216000	1303.8873291
2188800	-1216000	2115.86352539
2310400	-1216000	0
2432000	-1216000	0
2553600	-1216000	0
2675200	-1216000	0
2796800	-1216000	0
2918400	-1216000	0
3040000	-1216000	0
-3040000	-1337600	0
-2918400	-1337600	0
-2796800	-1337600	0
-2675200	-1337600	0
-2553600	-1337600	0
-2432000	-1337600	0
-2310400	-1337600	0
-2188800	-1337600	0
-2067200	-1337600	0
-1945600	-1337600	0
-1824000	-1337600	0
-1702400	-1337600	0
-1580800	-1337600	0
-1459200	-1337600	0
-1337600	-1337600	0
-1216000	-1337600	0
-1094400	-1337600	0
-972800	-1337600	0
-851200	-1337600	0
-729600	-1337600	0
-608000	-1337600	0
-486400	-1337600	0
-364800	-1337600	0
-243200	-1337600	0
-121600	-1337600	0
0	-1337600	224.477172852
121600	-1337600	56.3491897583
243200	-1337600	128.647125244
364800	-1337600	0
486400	-1337600	484.823608398
608000	-1337600	1792.07983398
729600	-1337600	2436.77172852
851200	-1337600	3282.89526367
972800	-1337600	3490.07568359
1094400	-1337600	2810.90625
1216000	-1337600	2937.95825195
1337600	-1337600	2492.11694336
1459200	-1337600	2550.15185547
1580800	-1337600	2725.83398438
1702400	-1337600	2565.64697266
1824000	-1337600	2394.67236328
1945600	-1337600	2008.25012207
2067200	-1337600	1280.57849121
2188800	-1337600	346.512145996
2310400	-1337600	0
2432000	-1337600	0
2553600	-1337600	0
2675200	-1337600	0
2796800	-1337600	0
2918400	-1337600	0
3040000	-1337600	0
-3040000	-1459200	0
-2918400	-1459200	0
-2796800	-1459200	0
-2675200	-1459200	0
-2553600	-1459200	0
-2432000	-1459200	0
-2310400	-1459200	0
-2188800	-1459200	0
-2067200	-1459200	0
-1945600	-1459200	0
-1824000	-1459200	0
-1702400	-1459200	0
-1580800	-1459200	0
-1459200	-1459200	0
-1337600	-1459200	0
-1216000	-1459200	0
-1094400	-1459200	0
-972800	-1459200	0
-851200	-1459200	0
-729600	-1459200	0
-608000	-1459200	0
-486400	-1459200	0
-364800	-1459200	0
-243200	-1459200	0
-121600	-1459200	0
0	-1459200	0
121600	-1459200	0
243200	-1459200	0
364800	-1459200	0
486400	-1459200	632.261657715
608000	-1459200	1891.91357422
729600	-1459200	2018.41967773
851200	-1459200	2879.35351562
972800	-1459200	3126.46875
1094400	-1459200	3032.34692383
1216000	-1459200	2591.46191406
1337600	-1459200	2833.41259766
1459200	-1459200	2690.12890625
1580800	-1459200	2752.85351562
1702400	-1459200	2451.91699219
1824000	-1459200	2427.46337891
1945600	-1459200	1728.74816895
2067200	-1459200	1178.84741211
2188800	-1459200	132.285369873
2310400	-1459200	0
2432000	-1459200	0
2553600	-1459200	0
2675200	-1459200	0
2796800	-1459200	0
2918400	-1459200	0
3040000	-1459200	0
-3040000	-1580800	0
-2918400	-1580800	0
-2796800	-1580800	0
-2675200	-1580800	0
-2553600	-1580800	0
-2432000	-1580800	0
-2310400	-1580800	0
-2188800	-1580800	0
-2067200	-1580800	0
-1945600	-1580800	0
-1824000	-1580800	0
-1702400	-1580800	0
-1580800	-1580800	0
-1459200	-1580800	0
-1337600	-1580800	0
-1216000	-1580800	0
-1094400	-1580800	0
-972800	-1580800	0
-851200	-1580800	0
-729600	-1580800	0
-608000	-1580800	0
-486400	-1580800	0
-364800	-1580800	0
-243200	-1580800	0
-121600	-1580800	0
0	-1580800	0
121600	-1580800	0
243200	-1580800	0
364800	-1580800	0
486400	-1580800	256.124664307
608000	-1580800	1862.73034668
729600	-1580800	2057.82983398
851200	-1580800	2639.28271484
972800	-1580800	3151.27124023
1094400	-1580800	3073.11279297
1216000	-1580800	2623.63110352
1337600	-1580800	2558.35668945
1459200	-1580800	2888.48632812
1580800	-1580800	3625.45410156
1702400	-1580800	2778.08276367
1824000	-1580800	2033.65759277
1945600	-1580800	1283.73571777
2067200	-1580800	21.5160522461
2188800	-1580800	0
2310400	-1580800	0
2432000	-1580800	0
2553600	-1580800	0
2675200	-1580800	0
2796800	-1580800	0
2918400	-1580800	0
3040000	-1580800	0
-3040000	-1702400	0
-2918400	-1702400	0
-2796800	-1702400	0
-2675200	-1702400	0
-2553600	-1702400	0
-2432000	-1702400	0
-2310400	-1702400	0
-2188800	-1702400	0
-2067200	-1702400	0
-1945600	-1702400	0
-1824000	-1702400	0
-1702400	-1702400	0
-1580800	-1702400	0
-1459200	-1702400	0
-1337600	-1702400	0
-1216000	-1702400	0
-1094400	-1702400	0
-972800	-1702400	0
-851200	-1702400	0
-729600	-1702400	0
-608000	-1702400	0
-486400	-1702400	0
-364800	-1702400	0
-243200	-1702400	0
-121600	-1702400	0
0	-1702400	0
121600	-1702400	0
243200	-1702400	0
364800	-1702400	0
486400	-1702400	39.8259544373
608000	-1702400	1187.32897949
729600	-1702400	2778.57006836
851200	-1702400	2467.47167969
972800	-1702400	3085.65112305
1094400	-1702400	3403.39257812
1216000	-1702400	3220.5078125
1337600	-1702400	2130.43139648
1459200	-1702400	2213.81152344
1580800	-1702400	3212.05126953
1702400	-1702400	2096.85961914
1824000	-1702400	1645.94482422
1945600	-1702400	993.629150391
2067200	-1702400	0
2188800	-1702400	0
2310400	-1702400	0
2432000	-1702400	0
2553600	-1702400	0
2675200	-1702400	0
2796800	-1702400	0
2918400	-1702400	0
3040000	-1702400	0
-3040000	-1824000	0
-2918400	-1824000	0
-2796800	-1824000	0
-2675200	-1824000	0
-2553600	-1824000	0
-2432000	-1824000	0
-2310400	-1824000	0
-2188800	-1824000	0
-2067200	-1824000	0
-1945600	-1824000	0
-1824000	-1824000	0
-1702400	-1824000	0
-1580800	-1824000	0
-1459200	-1824000	0
-1337600	-1824000	0
-1216000	-1824000	0
-1094400	-1824000	0
-972800	-1824000	0
-851200	-1824000	0
-729600	-1824000	0
-608000	-1824000	0
-486400	-1824000	0
-364800	-1824000	0
-243200	-1824000	0
-121600	-1824000	0
0	-1824000	0
121600	-1824000	0
243200	-1824000	0
364800	-1824000	98.3541183472
486400	-1824000	303.803741455
608000	-1824000	1446.07995605
729600	-1824000	2665.81591797
851200	-1824000	2880.24951172
972800	-1824000	2673.23022461
1094400	-1824000	2777.19311523
1216000	-1824000	2375.75268555
1337600	-1824000	1873.24304199
1459200	-1824000	1776.71166992
1580800	-1824000	1937.27490234
1702400	-1824000	1940.83911133
1824000	-1824000	962.906677246
1945600	-1824000	0
2067200	-1824000	0
2188800	-1824000	0
2310400	-1824000	0
2432000	-1824000	0
2553600	-1824000	0
2675200	-1824000	0
2796800	-1824000	0
2918400	-1824000	0
3040000	-1824000	0
-3040000	-1945600	0
-2918400	-1945600	0
-2796800	-1945600	0
-2675200	-1945600	0
-2553600	-1945600	0
-2432000	-1945600	0
-2310400	-1945600	0
-2188800	-1945600	0
-2067200	-1945600	0
-1945600	-1945600	0
-1824000	-1945600	0
-1702400	-1945600	0
-1580800	-1945600	0
-1459200	-1945600	0
-1337600	-1945600	0
-1216000	-1945600	0
-1094400	-1945600	0
-972800	-1945600	0
-851200	-1945600	0
-729600	-1945600	0
-608000	-1945600	0
-486400	-1945600	0
-364800	-1945600	0
-243200	-1945600	0
-121600	-1945600	0
0	-1945600	0
121600	-1945600	0
243200	-1945600	0
364800	-1945600	27.4975357056
486400	-1945600	10.9241456985
608000	-1945600	21.434797287
729600	-1945600	1074.82629395
851200	-1945600	2166.90014648
972800	-1945600	1926.42651367
1094400	-1945600	2463.15014648
1216000	-1945600	1995.06750488
1337600	-1945600	1197.94396973
1459200	-1945600	1980.0859375
1580800	-1945600	1253.06396484
1702400	-1945600	211.731155396
1824000	-1945600	0
1945600	-1945600	0
2067200	-1945600	0
2188800	-1945600	0
2310400	-1945600	0
2432000	-1945600	0
2553600	-1945600	0
2675200	-1945600	0
2796800	-1945600	0
2918400	-1945600	0
3040000	-1945600	0
-3040000	-2067200	0
-2918400	-2067200	0
-2796800	-2067200	0
-2675200	-2067200	0
-2553600	-2067200	0
-2432000	-2067200	0
-2310400	-2067200	0
-2188800	-2067200	0
-2067200	-2067200	0
-1945600	-2067200	0
-1824000	-2067200	0
-1702400	-2067200	0
-1580800	-2067200	0
-1459200	-2067200	0
-1337600	-2067200	0
-1216000	-2067200	0
-1094400	-2067200	0
-972800	-2067200	0
-851200	-2067200	0
-729600	-2067200	0
-608000	-2067200	0
-486400	-2067200	0
-364800	-2067200	0
-243200	-2067200	0
-121600	-2067200	0
0	-2067200	0
121600	-2067200	0
243200	-2067200	0
364800	-2067200	0
486400	-2067200	16.2799911499
608000	-2067200	0
729600	-2067200	48.2141685486
851200	-2067200	1230.81591797
972800	-2067200	1199.38000488
1094400	-2067200	1030.4654541
1216000	-2067200	0
1337600	-2067200	0
1459200	-2067200	21.8004951477
1580800	-2067200	0
1702400	-2067200	0
1824000	-2067200	0
1945600	-2067200	0
2067200	-2067200	0
2188800	-2067200	0
2310400	-2067200	0
2432000	-2067200	0
2553600	-2067200	0
2675200	-2067200	0
2796800	-2067200	0
2918400	-2067200	0
3040000	-2067200	0
-3040000	-2188800	0
-2918400	-2188800	0
-2796800	-2188800	0
-2675200	-2188800	0
-2553600	-2188800	0
-2432000	-2188800	0
-2310400	-2188800	0
-2188800	-2188800	0
-2067200	-2188800	0
-1945600	-2188800	0
-1824000	-2188800	0
-1702400	-2188800	0
-1580800	-2188800	0
-1459200	-2188800	0
-1337600	-2188800	0
-1216000	-2188800	0
-1094400	-2188800	0
-972800	-2188800	0
-851200	-2188800	0
-729600	-2188800	0
-608000	-2188800	0
-486400	-2188800	0
-364800	-2188800	0
-243200	-2188800	0
-121600	-2188800	0
0	-2188800	0
121600	-2188800	0
243200	-2188800	0
364800	-2188800	0
486400	-2188800	0
608000	-2188800	0
729600	-2188800	0
851200	-2188800	0
972800	-2188800	0
1094400	-2188800	0
1216000	-2188800	0
1337600	-2188800	0
1459200	-2188800	0
1580800	-2188800	0
1702400	-2188800	0
1824000	-2188800	0
1945600	-2188800	0
2067200	-2188800	0
2188800	-2188800	0
2310400	-2188800	0
2432000	-2188800	0
2553600	-2188800	0
2675200	-2188800	0
2796800	-2188800	0
2918400	-2188800	0
3040000	-2188800	0
-3040000	-2310400	0
-2918400	-2310400	0
-2796800	-2310400	0
-2675200	-2310400	0
-2553600	-2310400	0
-2432000	-2310400	0
-2310400	-2310400	0
-2188800	-2310400	0
-2067200	-2310400	0
-1945600	-2310400	0
-1824000	-2310400	0
-1702400	-2310400	0
-1580800	-2310400	0
-1459200	-2310400	0
-1337600	-2310400	0
-1216000	-2310400	0
-1094400	-2310400	0
-972800	-2310400	0
-851200	-2310400	0
-729600	-2310400	0
-608000	-2310400	0
-486400	-2310400	0
-364800	-2310400	0
-243200	-2310400	0
-121600	-2310400	0
0	-2310400	0
121600	-2310400	0
243200	-2310400	0
364800	-2310400	0
486400	-2310400	0
608000	-2310400	0
729600	-2310400	0
851200	-2310400	0
972800	-2310400	0
1094400	-2310400	0
1216000	-2310400	0
1337600	-2310400	0
1459200	-2310400	0
1580800	-2310400	0
1702400	-2310400	0
1824000	-2310400	0
1945600	-2310400	0
2067200	-2310400	0
2188800	-2310400	0
2310400	-2310400	0
2432000	-2310400	0
2553600	-2310400	0
2675200	-2310400	0
2796800	-2310400	0
2918400	-2310400	0
3040000	-2310400	0
-3040000	-2432000	0
-2918400	-2432000	0
-2796800	-2432000	0
-2675200	-2432000	0
-2553600	-2432000	0
-2432000	-2432000	0
-2310400	-2432000	0
-2188800	-2432000	0
-2067200	-2432000	0
-1945600	-2432000	0
-1824000	-2432000	0
-1702400	-2432000	0
-1580800	-2432000	0
-1459200	-2432000	0
-1337600	-2432000	0
-1216000	-2432000	0
-1094400	-2432000	0
-972800	-2432000	0
-851200	-2432000	0
-729600	-2432000	0
-608000	-2432000	0
-486400	-2432000	0
-364800	-2432000	0
-243200	-2432000	0
-121600	-2432000	0
0	-2432000	0
121600	-2432000	0
243200	-2432000	0
364800	-2432000	0
486400	-2432000	0
608000	-2432000	0
729600	-2432000	0
851200	-2432000	0
972800	-2432000	0
1094400	-2432000	0
1216000	-2432000	0
1337600	-2432000	0
1459200	-2432000	0
1580800	-2432000	0
1702400	-2432000	0
1824000	-2432000	0
1945600	-2432000	0
2067200	-2432000	0
2188800	-2432000	0
2310400	-2432000	0
2432000	-2432000	0
2553600	-2432000	0
2675200	-2432000	0
2796800	-2432000	0
2918400	-2432000	0
3040000	-2432000	0
-3040000	-2553600	0
-2918400	-2553600	0
-2796800	-2553600	0
-2675200	-2553600	0
-2553600	-2553600	0
-2432000	-2553600	0
-2310400	-2553600	0
-2188800	-2553600	0
-2067200	-2553600	0
-1945600	-2553600	0
-1824000	-2553600	0
-1702400	-2553600	0
-1580800	-2553600	0
-1459200	-2553600	0
-1337600	-2553600	0
-1216000	-2553600	0
-1094400	-2553600	0
-972800	-2553600	0
-851200	-2553600	0
-729600	-2553600	0
-608000	-2553600	0
-486400	-2553600	0
-364800	-2553600	0
-243200	-2553600	0
-121600	-2553600	0
0	-2553600	0
121600	-2553600	0
243200	-2553600	0
364800	-2553600	0
486400	-2553600	0
608000	-2553600	0
729600	-2553600	0
851200	-2553600	0
972800	-2553600	0
1094400	-2553600	0
1216000	-2553600	0
1337600	-2553600	0
1459200	-2553600	0
1580800	-2553600	0
1702400	-2553600	0
1824000	-2553600	0
1945600	-2553600	0
2067200	-2553600	0
2188800	-2553600	0
2310400	-2553600	0
2432000	-2553600	0
2553600	-2553600	0
2675200	-2553600	0
2796800	-2553600	0
2918400	-2553600	0
3040000	-2553600	0
-3040000	-2675200	0
-2918400	-2675200	0
-2796800	-2675200	0
-2675200	-2675200	0
-2553600	-2675200	0
-2432000	-2675200	0
-2310400	-2675200	0
-2188800	-2675200	0
-2067200	-2675200	0
-1945600	-2675200	0
-1824000	-2675200	0
-1702400	-2675200	0
-1580800	-2675200	0
-1459200	-2675200	0
-1337600	-2675200	0
-1216000	-2675200	0
-1094400	-2675200	0
-972800	-2675200	0
-851200	-2675200	0
-729600	-2675200	0
-608000	-2675200	0
-486400	-2675200	0
-364800	-2675200	0
-243200	-2675200	0
-121600	-2675200	0
0	-2675200	0
121600	-2675200	0
243200	-2675200	0
364800	-2675200	0
486400	-2675200	0
608000	-2675200	0
729600	-2675200	0
851200	-2675200	0
972800	-2675200	0
1094400	-2675200	0
1216000	-2675200	0
1337600	-2675200	0
1459200	-2675200	0
1580800	-2675200	0
1702400	-2675200	0
1824000	-2675200	0
1945600	-2675200	0
2067200	-2675200	0
2188800	-2675200	0
2310400	-2675200	0
2432000	-2675200	0
2553600	-2675200	0
2675200	-2675200	0
2796800	-2675200	0
2918400	-2675200	0
3040000	-2675200	0
-3040000	-2796800	0
-2918400	-2796800	0
-2796800	-2796800	0
-2675200	-2796800	0
-2553600	-2796800	0
-2432000	-2796800	0
-2310400	-2796800	0
-2188800	-2796800	0
-2067200	-2796800	0
-1945600	-2796800	0
-1824000	-2796800	0
-1702400	-2796800	0
-1580800	-2796800	0
-1459200	-2796800	0
-1337600	-2796800	0
-1216000	-2796800	0
-1094400	-2796800	0
-972800	-2796800	0
-851200	-2796800	0
-729600	-2796800	0
-608000	-2796800	0
-486400	-2796800	0
-364800	-2796800	0
-243200	-2796800	0
-121600	-2796800	0
0	-2796800	0
121600	-2796800	0
243200	-2796800	0
364800	-2796800	0
486400	-2796800	0
608000	-2796800	0
729600	-2796800	0
851200	-2796800	0
972800	-2796800	0
1094400	-2796800	0
1216000	-2796800	0
1337600	-2796800	0
1459200	-2796800	0
1580800	-2796800	0
1702400	-2796800	0
1824000	-2796800	0
1945600	-2796800	0
2067200	-2796800	0
2188800	-2796800	0
2310400	-2796800	0
2432000	-2796800	0
2553600	-2796800	0
2675200	-2796800	0
2796800	-2796800	0
2918400	-2796800	0
3040000	-2796800	0
-3040000	-2918400	0
-2918400	-2918400	0
-2796800	-2918400	0
-2675200	-2918400	0
-2553600	-2918400	0
-2432000	-2918400	0
-2310400	-2918400	0
-2188800	-2918400	0
-2067200	-2918400	0
-1945600	-2918400	0
-1824000	-2918400	0
-1702400	-2918400	0
-1580800	-2918400	0
-1459200	-2918400	0
-1337600	-2918400	0
-1216000	-2918400	0
-1094400	-2918400	0
-972800	-2918400	0
-851200	-2918400	0
-729600	-2918400	0
-608000	-2918400	0
-486400	-2918400	0
-364800	-2918400	0
-243200	-2918400	0
-121600	-2918400	0
0	-2918400	0
121600	-2918400	0
243200	-2918400	0
364800	-2918400	0
486400	-2918400	0
608000	-2918400	0
729600	-2918400	0
851200	-2918400	0
972800	-2918400	0
1094400	-2918400	0
1216000	-2918400	0
1337600	-2918400	0
1459200	-2918400	0
1580800	-2918400	0
1702400	-2918400	0
1824000	-2918400	0
1945600	-2918400	0
2067200	-2918400	0
2188800	-2918400	0
2310400	-2918400	0
2432000	-2918400	0
2553600	-2918400	0
2675200	-2918400	0
2796800	-2918400	0
2918400	-2918400	0
3040000	-2918400	0
-3040000	-3040000	0
-2918400	-3040000	0
-2796800	-3040000	0
-2675200	-3040000	0
-2553600	-3040000	0
-2432000	-3040000	0
-2310400	-3040000	0
-2188800	-3040000	0
-2067200	-3040000	0
-1945600	-3040000	0
-1824000	-3040000	0
-1702400	-3040000	0
-1580800	-3040000	0
-1459200	-3040000	0
-1337600	-3040000	0
-1216000	-3040000	0
-1094400	-3040000	0
-972800	-3040000	0
-851200	-3040000	0
-729600	-3040000	0
-608000	-3040000	0
-486400	-3040000	0
-364800	-3040000	0
-243200	-3040000	0
-121600	-3040000	0
0	-3040000	0
121600	-3040000	0
243200	-3040000	0
364800	-3040000	0
486400	-3040000	0
608000	-3040000	0
729600	-3040000	0
851200	-3040000	0
972800	-3040000	0
1094400	-3040000	0
1216000	-3040000	0
1337600	-3040000	0
1459200	-3040000	0
1580800	-3040000	0
1702400	-3040000	0
1824000	-3040000	0
1945600	-3040000	0
2067200	-3040000	0
2188800	-3040000	0
2310400	-3040000	0
2432000	-3040000	0
2553600	-3040000	0
2675200	-3040000	0
2796800	-3040000	0
2918400	-3040000	0
3040000	-3040000	0
